1.0 1.4792160378993638e-18 -2.747941195651653e-17 -5.551115123125783e-17 3.95298166242897e-18 1.0 1.944944549148398e-18 0.0 -1.191857713007975e-17 1.4198094977952743e-18 1.0 0.0 
0.999999102009133 -0.0007997182144904718 0.0010753728164804525 0.011627631174569164 0.0008001346949005272 0.9999996050862584 -0.0003868025291539358 0.026614872698610625 -0.001075063096780735 0.0003876625773938411 0.9999993469786246 1.2207196995895488 
0.999996045243255 -0.0019261800391323356 0.00204922331432837 0.026118809987918545 0.0019245837467287768 0.9999978431650793 0.0007808029262417987 0.05265140330251572 -0.002050722937959971 -0.0007768558534095587 0.9999975955130648 2.3384303405384164 
0.9999915951257978 -0.003027439059787615 0.002764827517224442 0.04164309540020433 0.003021307697049867 0.9999929732217787 0.002219284637894758 0.08104272403037593 -0.002771526944740755 -0.0022109123452107742 0.9999937152336814 3.466282414885689 
0.9999858624297812 -0.004213390534695171 0.003243802325588744 0.05834556194610452 0.004203601641787091 0.9999866080822865 0.003018843255611636 0.10353451921217516 -0.00325647857642346 -0.0030051645890983238 0.9999901821193219 4.71888758431332 
0.999982472374017 -0.004690284356795177 0.003613329031300784 0.07351381896590264 0.00468191642941726 0.9999863461526134 0.0023210331833678805 0.1274481380184379 -0.0036241661385434136 -0.002304074943469534 0.9999907782879915 5.865743459077853 
0.9999842701073615 -0.0037743436863113874 0.0041489567828353596 0.08882362586639025 0.0037672989200496767 0.9999914508671163 0.0017046036257322092 0.1496942651369425 -0.004155355228024092 -0.0016889462705834916 0.9999899401927145 7.138451610392514 
0.9999852579877135 -0.002296837192083194 0.004920196069787924 0.11288884434404606 0.002297617938041271 0.9999973487797188 -0.00015296493617931022 0.17686023667079775 -0.004919831868010709 0.00016426737942801185 0.9999878840638444 8.304665446483952 
0.9999853938964988 -0.0004957801551188328 0.005382024590562651 0.1397798222374686 0.0005060303021013306 0.999998060678825 -0.0019033064374330507 0.19640608993662023 -0.0053810707221837485 0.001906001872261208 0.9999837054863857 9.484047031750197 
0.9999877394157238 0.00028695295716089155 0.004943548705357133 0.16566955891099605 -0.00027605051555213816 0.999997528814497 -0.0022059375641101968 0.212709899260193 -0.004944169663289963 0.0022045455832150566 0.99998534747666 10.674825021926683 
0.9999894597045093 0.0013619282171073587 0.004384704654954476 0.1943103959630868 -0.0013493924271998595 0.999994997700213 -0.0028607183126399803 0.22899664487244054 -0.004388578966568921 0.0028547711341790146 0.9999862952352367 11.996486094097413 
0.9999889138199558 0.002409644571451847 0.004045473884790048 0.21568296360849032 -0.0023933111049792523 0.999988985044366 -0.004037554057566186 0.24261632138493766 -0.0040551585314023 0.004027826747281944 0.999983666017289 13.205644847301848 
0.9999906823753943 0.002625182805180277 0.0034268918688112634 0.24042320947689472 -0.0026103265730895143 0.9999872072816356 -0.00433260412332172 0.259421684739308 -0.0034382220213074895 0.004323617942957759 0.9999847423619702 14.548054661561267 
0.9999903996230166 0.0031345928720764578 0.003061862525305395 0.2600851476238876 -0.0031227385510249977 0.9999876399895156 -0.003868896431331155 0.2698058874035506 -0.003073952197763248 0.0038592974427863356 0.999987828246365 15.781460978519874 
0.9999933516799754 0.002399854658244518 0.002745414954659851 0.2797759864501092 -0.002390264267615602 0.9999910485663619 -0.003491334156890692 0.27124319698151383 -0.0027537691650064743 0.0034847482721363492 0.9999901365937292 17.033194491640305 
0.9999963822991846 0.001603916165423364 0.0021593628776657584 0.29835642138273905 -0.0015961189188340146 0.9999922176737422 -0.003607906662534525 0.27136835395823006 -0.0021651329220257532 0.0036044465918681446 0.999991160042677 18.421864213475658 
0.999997825640129 2.9551049883706553e-05 0.002085147588444282 0.3294149477883756 -2.2076644724983382e-05 0.9999935753218732 -0.0035845264151310686 0.2873787324776654 -0.0020852401849686024 0.0035844721716367226 0.9999914016289766 19.705000807512935 
0.99999687907719 -0.001826749876168173 0.001704350167662927 0.34705229699108503 0.0018323458517833344 0.9999929176644148 -0.0032874217402962358 0.2999710096712201 -0.0016983328525636955 0.0032905340572281804 0.9999931440017017 20.993312919033308 
0.9999924556637413 -0.0037145551975940293 0.0011360778566033927 0.3661711475210944 0.0037173190901850727 0.9999901139780686 -0.0024399810887009298 0.3147132776369743 -0.0011270032150906986 0.0024441855602725998 0.9999963779035834 22.423881885217263 
0.9999856345890593 -0.005290984345273999 0.0008579437820314396 0.38223366012284116 0.005292738020828914 0.9999838841396798 -0.002053878802171494 0.32341069393538724 -0.0008470629398429616 0.0020583899292155924 0.9999975227544046 23.73474757931139 
0.9999813064839397 -0.00605962264226008 0.0008170790219391624 0.39694011540256907 0.006061015082744291 0.999980167314414 -0.0017114649064762888 0.32702658359793435 -0.0008066920098346687 0.001716385040712459 0.9999982016335078 25.057002185252404 
0.9999762468216082 -0.006818412864933134 0.0010074695996595431 0.4128455698726082 0.006820000875094752 0.9999754948957987 -0.001580265638384949 0.3364306504644559 -0.0009966700394002906 0.0015870988589484708 0.9999982438815089 26.522286656264246 
0.9999729042920701 -0.007321920232126469 0.0007616552097222343 0.4120137356173426 0.007323586036572805 0.9999707482607516 -0.0022062996255362358 0.34895403345444337 -0.0007454786007361613 0.00221181763398102 0.9999972760582444 27.85695449354982 
0.9999737457013624 -0.007222843795897067 0.0005817123058812271 0.4087239027982407 0.007224340469314779 0.9999704945976795 -0.0026112996870886708 0.361692375105775 -0.0005628341454040948 0.002615433313479689 0.9999964213562906 29.202183810606623 
0.9999728804487017 -0.00734703685605264 0.0005092832241578788 0.4115906902415008 0.007348353759255694 0.9999695372832574 -0.002631777095220707 0.3724554365160461 -0.0004899319568988182 0.002635447810240859 0.9999964071838136 30.69915626044032 
0.9999707662572508 -0.007627186519312832 0.0005409319712032254 0.41269823355407814 0.007628486256852024 0.9999679242300926 -0.0024406471462318164 0.38590119233284903 -0.0005222993612429643 0.0024447020051228925 0.999996875312453 32.06397845899183 
0.9999738846568147 -0.007186746969161571 0.0007619883397478569 0.4193039969869367 0.007188497997349179 0.9999714729417173 -0.0023192339310995967 0.39775320603204956 -0.0007452988753653252 0.002324650644507943 0.9999970202597537 33.5800987409834 
0.9999689380659041 -0.007827792055253599 0.0009211535270074838 0.4036519399014498 0.007829640537708401 0.9999673092728113 -0.0020191993664301967 0.396567482566479 -0.0009053175679464777 0.0020263487101098055 0.9999975371523354 34.95601648346218 
0.9999659176139252 -0.008141764064638991 0.0013693920793775428 0.3984168342328335 0.008143826386497884 0.9999657039637238 -0.0015063338161172147 0.3988600607416734 -0.0013570809447434684 0.0015174343879892705 0.9999979278601193 36.353087953914695 
0.9999559765204007 -0.009239631212504502 0.0016352900493141094 0.39330026652809097 0.00924111282262586 0.999956895072798 -0.0008999399921268314 0.4015821317553502 -0.001626904502536332 0.0009150121614627259 0.9999982579661361 37.902306849059926 
0.9999450910341376 -0.010268922832803283 0.002089035459367919 0.3954369606970906 0.010270828580141085 0.999946846100366 -0.0009028424483124774 0.4070899996109562 -0.002079653271826965 0.00092424888468262 0.9999974104003589 39.32538972712778 
0.999933298232452 -0.011313004084839021 0.0023270032294544062 0.3994400156262046 0.01131626223573516 0.9999350015346666 -0.0013910407222534637 0.4134233284194541 -0.002311115207741843 0.0014172807441115687 0.9999963250246939 40.75912573366057 
0.9999194807733188 -0.012470252967074946 0.002350461693047688 0.40316301465787135 0.012473997520724457 0.9999209413944959 -0.0015844356627372539 0.4161847792221373 -0.0023305176346843344 0.0016136275435838167 0.9999959824392882 42.35049871906051 
0.9999230918033518 -0.012236908632966004 0.0020170416720486505 0.4079888505539377 0.012239432369478326 0.9999243231456059 -0.0012427246514315523 0.41853344033097917 -0.0020016819890213084 0.0012673163665369114 0.9999971935857547 43.80637672105945 
0.9999247611809995 -0.012120878831097337 0.001885785298515363 0.41057655716682157 0.012121998622768939 0.9999263562298941 -0.0005825395822849402 0.41931136424859783 -0.0018785855961185813 0.0006053551614147349 0.9999980522293077 45.26712517479182 
0.9999351805382118 -0.011233899866900841 0.0018531422841687266 0.4232702917204721 0.011232188571306206 0.9999364824900759 0.0009322035119619746 0.42657579263094153 -0.001863496927251351 -0.0009113281473423459 0.9999978484284676 46.88363068889089 
0.9999485366326423 -0.00998997410731776 0.0017676070556093277 0.4403033922863037 0.009986905580702391 0.9999486206131251 0.0017372157297314004 0.4454584005410725 -0.0017848710457375472 -0.0017194732126565582 0.999996928819499 48.35491784482257 
0.9999535740637299 -0.009514317656170517 0.0015255857638645457 0.4536861568354053 0.00951124767295463 0.9999527508783879 0.0020080443893625496 0.4647556404736493 -0.001544618914026767 -0.0019934407184548715 0.9999968201686839 49.97809244683381 
0.9999663632205925 -0.008101432961459524 0.001280296035390536 0.4554365884016209 0.008099912400697969 0.9999664878772543 0.0011893670689559848 0.4834761929455604 -0.001289888756807584 -0.0011789566474854022 0.9999984731234038 51.45596037470702 
0.9999777152885958 -0.006605154577414248 0.0009699573240091484 0.4511338802003207 0.006606326674406758 0.9999774469412562 -0.0012091726478635704 0.49459148786099955 -0.0009619487074366611 0.0012155534128351676 0.9999987985416826 52.94211086990259 
0.9999858067132283 -0.005285952664663933 0.0006671162129394295 0.4325547661263068 0.005287540271040486 0.9999831415746354 -0.0023996911431146684 0.49942804925562695 -0.0006544203296069235 0.0024031842086175005 0.9999968982146863 54.575002960451805 
0.9999923994566143 -0.0038463125707273098 0.0006378759417400637 0.4328109681710612 0.0038473003622909656 0.9999913920991308 -0.0015537151051418672 0.4947543225685025 -0.0006318943955584724 0.001556157215170512 0.9999985895410184 56.07654521400622 
0.9999928520489122 -0.00367989588104924 0.0008684442432525623 0.44146886200473695 0.0036807052554204468 0.9999927922606249 -0.0009315886021434149 0.488582630705773 -0.0008650098633349363 0.0009347783199180489 0.9999991889735261 57.588419054061696 
0.9999944337530522 -0.0030908755567766663 0.001256555871400883 0.4516024985073553 0.003092945052396501 0.999993858897296 -0.0016479917928946606 0.48119574092639 -0.001251454458095133 0.0016518688844262776 0.9999978525932565 59.2586347282357 
0.9999954031432463 -0.002346162265929384 0.0019207291581147684 0.46160580911416266 0.00235024776965972 0.9999949752747668 -0.002127386839867641 0.47759228272370435 -0.001915728376098305 0.002131890999844004 0.9999958925045277 60.78733475916242 
0.999995361575993 -0.0014807387955103996 0.0026616215165506042 0.4748724737304045 0.0014860465983397068 0.9999969093207838 -0.0019932444339828006 0.47797824217028184 -0.002658661907275255 0.001997190245671043 0.9999944713592276 62.47676561917625 
0.9999943128205937 -0.0007038521400810993 0.0032983196373170616 0.48782510705448706 0.0007107114365852385 0.9999975865505364 -0.0020788908237644684 0.47814542137907123 -0.003296848559601875 0.0020812229067532283 0.9999923996222624 64.02075165870725 
0.9999925001925721 -0.0002317937013448709 0.0038659832048836156 0.5017446619020287 0.00024199456847555592 0.9999964902600922 -0.0026383534064101815 0.4769546917834526 -0.0038653582162060775 0.002639268853408882 0.9999890465736898 65.56894976034653 
0.9999903219806786 4.653974240256101e-05 0.004399292655425533 0.516662479587386 -3.2672422416024267e-05 0.9999950313004696 -0.003152191053452393 0.4761266354523911 -0.0043994176505413 0.0031520164380438504 0.9999853548519206 67.12635499169794 
0.9999870082952964 -0.0003655101291466805 0.005084253825168814 0.535290126107806 0.0003794229583441771 0.9999961858545934 -0.002735748137228537 0.47503847000429333 -0.005083234667075199 0.0027376413505037557 0.9999833328849933 68.84772115921083 
0.9999852175221443 -0.0002849059333936562 0.005429876598682349 0.5523851948770409 0.00029849698379066415 0.9999968245466334 -0.0025023586810025223 0.47434673845016395 -0.005429146610376067 0.002503942190311565 0.9999821271621533 70.42071008786483 
0.9999851873926713 -0.0008105589879388846 0.005382191063384242 0.5698871174406912 0.0008235811553427057 0.9999967382333642 -0.0024176935853008736 0.47464795918205865 -0.005380214013903886 0.0024220901520234177 0.9999825932383171 72.00108263371241 
0.9999864509653175 -0.0021981319063387973 0.004718695359806792 0.5892689483643618 0.002210620696940252 0.9999940638188066 -0.0026430090722517866 0.474758298978252 -0.0047128578304316575 0.0026534041904030144 0.9999853741028475 73.74612910019725 
0.9999883771660933 -0.003042215494016964 0.0037403793107297174 0.6060356548961747 0.0030536457623318368 0.9999906744847447 -0.003053884449815003 0.47467391608693077 -0.0037310539825285605 0.003065270386314246 0.9999883416094069 75.34025578636772 
0.9999890387820571 -0.003937385364878202 0.0025336312601716058 0.6225048416545904 0.0039436482476903345 0.9999891697790255 -0.0024714342867055883 0.4753685089989522 -0.0025238729160961585 0.00248139865494838 0.9999937363437847 77.10201274592912 
0.9999855219635339 -0.005156584387099551 0.0015380079905149028 0.6358265893594661 0.005159533109282503 0.999984848308538 -0.0019189589411204202 0.4764797333823203 -0.0015280894634091841 0.0019268663350198811 0.9999969760599001 78.71044483621817 
0.9999771716220335 -0.006756125113546644 0.0001047173105558856 0.6411390648927977 0.00675619188367527 0.9999769713891759 -0.0006407848314096426 0.47442482365178595 -0.00010038567791279054 0.0006414776176976225 0.9999997892145164 80.4914149061713 
0.9999617739255463 -0.00865760187987266 -0.0012233401625636347 0.646894330921189 0.008656671902873992 0.9999622380864636 -0.0007645193187562452 0.4699683619848433 0.0012299129183003022 0.0007538999539231554 0.9999989594735443 82.11726158805352 
0.9999413649572116 -0.010486994374497079 -0.0026999122318800656 0.6616792164117364 0.010485494228411532 0.9999448634022974 -0.0005697702236214989 0.46115509396546084 0.0027057386458300046 0.0005414268428264268 0.9999961929096687 83.74996899733794 
0.9999176947471967 -0.012152794328308484 -0.0041125706167235414 0.6713795170608727 0.012152507228623122 0.9999261510650839 -9.523935321871654e-05 0.4575344119958206 0.004113424482873141 4.52534722738703e-05 0.9999915388088174 85.3868518990575 
0.9998977132989602 -0.01320068807242475 -0.005504968698630371 0.6927478481977349 0.013201370139322512 0.9999128543604636 8.721792176820337e-05 0.4531554623134276 0.00550333782897804 -0.00015988210117626634 0.9999848437392415 87.19643147552578 
0.9998748816922782 -0.014236230436269716 -0.006895694362933064 0.7057646228411081 0.014237126826432996 0.9998986437772955 8.060775191750493e-05 0.45228178104142164 0.006893848142431353 -0.0001787725073511165 0.9999762211651307 88.84798441659687 
0.9998521590990855 -0.015150041699637169 -0.008132408594033816 0.7112243602901707 0.01514860568853064 0.9998852249182801 -0.00023843296878834865 0.44993491956981013 0.008135087763156822 0.00011520307110412117 0.9999669029886578 90.50423555090592 
0.9998251978501725 -0.016291509839501082 -0.009173893813918314 0.7155697167600594 0.016288004443609616 0.9998672372981128 -0.0004569628192715395 0.44230158761791866 0.00918012081343605 0.0003074585018927345 0.9999578145344388 92.33369924118438 
0.9998154417233612 -0.01662279161509126 -0.009631467370749524 0.7198144051316355 0.01661388690071958 0.9998614757597754 -0.001004083164513686 0.444088169858353 0.009646824198854466 0.0008438816666151821 0.9999531122227033 94.16921603645227 
0.99982501245819 -0.016167603099903484 -0.009410257750194245 0.7224324377920255 0.016147930918204552 0.9998672741193816 -0.0021630065867192646 0.44981943265874563 0.009443979747694826 0.0020106716848397777 0.9999533831347363 95.67370207895674 
0.9998446568662452 -0.015318934648407051 -0.008717354170604853 0.7161382298757422 0.015293956267519613 0.9998787620099504 -0.002925115473587563 0.4497183195489309 0.008761107276279607 0.0027913379419012944 0.9999577248203612 97.51440740610728 
0.9998574090704853 -0.014939943620960537 -0.00787143580650617 0.7220278278551782 0.01492188183305063 0.9998859042097286 -0.0023486418488507005 0.45686052000199245 0.00790562658039426 0.002230850079351549 0.9999662616172698 99.19580695748726 
0.9998677073973937 -0.014805359559435828 -0.00673564574588817 0.7360730032107536 0.014787919509466148 0.9998871886269626 -0.0026320274392768335 0.4692338470507513 0.006773854255437778 0.002532072777399306 0.9999738514093095 101.0582197788297 
0.9998629526955067 -0.015649439552102115 -0.005400995426042276 0.7569709784410468 0.0156254565797234 0.9998679908362135 -0.004454899562513213 0.48342062108740924 0.005469999338442683 0.004369895519666247 0.9999754912572796 102.754733847314 
0.9998738799312605 -0.015348762397513179 -0.0040791677550008065 0.7810533082945728 0.015329460188348246 0.9998713453927339 -0.004722333377884114 0.4884017585901784 0.004151125088895751 0.004659205829273894 0.9999805297886364 104.45646841553133 
0.9998688559284599 -0.015964213152908767 -0.0027229986372631384 0.7992788013551064 0.015950312845294846 0.9998600167447644 -0.005053173419538256 0.4962994586283812 0.002803287517211936 0.005009077473915859 0.999983525222685 106.33384600611474 
0.9998491544647834 -0.017289054897231253 -0.0016603498330862892 0.8254596692534462 0.01728257985115942 0.9998432729393386 -0.003839548173739643 0.5151830768339933 0.001726471844880107 0.0038102734289034274 0.9999912505157618 108.052601661886 
0.9998364067557935 -0.018075741502253377 -0.0006535676583063627 0.851244283779341 0.018074854207091092 0.9998357346061413 -0.0013429798801525262 0.5311839347036988 0.0006777356866948722 0.001330946881222303 0.9999988846263247 109.77805217215716 
0.9998083203514256 -0.01957146868113757 0.0005291583022730407 0.8847820742989927 0.019572082191950863 0.9998077588239739 -0.0011743744431453307 0.5534191751091856 -0.0005060723571572401 0.0011845059261009724 0.9999991704178645 111.67774233913035 
0.99977123941713 -0.021360552363238083 0.001093368651024541 0.9085928395003899 0.021362173625543858 0.999770692194161 -0.0014902179453713312 0.5659204007256792 -0.0010612860873098655 0.001513233590358857 0.999998291896583 113.42285225767212 
0.9997203795304542 -0.023607540631570303 0.00135888464583058 0.9371669405344758 0.023609478608028447 0.9997202411544311 -0.0014255367275560903 0.5792592438857632 -0.0013248511118607738 0.001457220498468773 0.9999980606372717 115.35042045059096 
0.9996793672973615 -0.0252905444895951 0.001245282631776657 0.9540383040195177 0.025293377589018517 0.999677399707793 -0.0023112322332831015 0.5893276119988287 -0.0011864286163534054 0.0023419883010610144 0.9999965537328809 117.10115977320041 
0.9996437380056346 -0.026672712855015285 0.0009814308987122183 0.97108429769142 0.026674406719727674 0.9996426412744013 -0.001751005611425702 0.6012270125883514 -0.0009343761328795901 0.0017765606672911895 0.9999979853846428 118.85939067092805 
0.9996256725290119 -0.027350122232627797 0.0006966903292361825 0.9888415602935563 0.02735027425517407 0.9996258906637334 -0.00020364153889496471 0.6133551445930506 -0.0006908600920204823 0.00022261994607034394 0.9999997365765089 120.62480118041059 
0.9996267690448147 -0.027312183015777033 0.0006058144465268426 1.0109542507070952 0.027311271242809035 0.9996258942352603 0.0014718334850808707 0.6314815008786074 -0.0006457868182644383 -0.001454738431957538 0.9999987333471599 122.57261954410436 
0.9996342126339567 -0.027038706559092997 0.0005907843938688875 1.0357869756617004 0.027037581392491326 0.999632720017639 0.0018424210461257381 0.6518709310635645 -0.0006403841183161061 -0.001825773531383584 0.9999981282280304 124.34694419821807 
0.9996563990522084 -0.02619131946111269 0.001048034694043447 1.0644200525754763 0.026189592420839652 0.9996556607117904 0.0016326350226700491 0.6752724540184204 -0.0010904347215283513 -0.0016046262732563497 0.9999981180619121 126.30533409825313 
0.9996679742955475 -0.02569956891715233 0.001863622555068952 1.0881355931906787 0.02569563924093334 0.9996675968493738 0.0021047965342222454 0.6947865263710383 -0.0019170955175094014 -0.002056210492078754 0.9999960483644016 128.0923283348579 
0.9996714255939285 -0.025459857600698195 0.0029725860652825018 1.1144421222893097 0.025453292482254905 0.9996735316587593 0.002227158426908996 0.7139429689542244 -0.0030283188599925072 -0.0021507643063804023 0.9999931017261461 129.88300305785202 
0.9996861441441365 -0.02469861418571492 0.004194214849269007 1.1450982609357172 0.024689094961856492 0.9996925153121171 0.0023073016835921827 0.735879917354911 -0.00424991250470158 -0.002203025921009885 0.9999885423961938 131.8590679537896 
0.9997157458302163 -0.02329391334810853 0.005081430060752575 1.1651126924023871 0.02328314778258973 0.9997265595352931 0.002168269724627483 0.7538105752910559 -0.0051305482691657 -0.0020493414836328717 0.9999847387225496 133.6630376917528 
0.9997320234392512 -0.022342373524124774 0.006058007703748129 1.1891370290207046 0.022330037121351315 0.9997484544989429 0.002096988811020142 0.7787818473840744 -0.006103335771618249 -0.001961151128407637 0.9999794513807783 135.47697362379668 
0.9997501488203081 -0.021270003126868595 0.006872169566352368 1.2187193063704527 0.02125975528703801 0.9997727668341974 0.0015613077771276043 0.8078042413785238 -0.006903817255738238 -0.0014148169018126792 0.9999751674949205 137.4861050579919 
0.999752623114868 -0.02097046125809397 0.007411622375323092 1.246490901709323 0.020961490918335872 0.9997794563613345 0.001286356464841233 0.8490906257695605 -0.00743696354916642 -0.001130679491304444 0.9999717061716026 139.3239707550643 
0.999759840960596 -0.020505044126519194 0.007733265123748445 1.2743070744057978 0.020498302991243188 0.9997894361033529 0.0009503693502679959 0.8777415782343478 -0.00775112442494843 -0.000791622234838997 0.999969646245046 141.1654637289004 
0.999753244365219 -0.020801667497402112 0.00779364027433015 1.2943231297950073 0.02079703983181744 0.9997834905661839 0.0006747594032972624 0.9002482335892581 -0.0078059892818445045 -0.0005125082236036752 0.999969401468741 143.1950924259893 
0.9997636734751101 -0.02035316795809971 0.007638427660912386 1.3064668287478036 0.02035285298580625 0.9997928521920579 0.00011937625775925685 0.9084660469392944 -0.007639275338330218 3.611571871759911e-05 0.9999708196616385 145.04328526419775 
0.9997578967877893 -0.02064534399678268 0.00761034834323685 1.321863252595072 0.02065033465925558 0.999786592482433 -0.0005773595860455009 0.9196505212868978 -0.007596804722955923 0.0007343759350493719 0.9999708742041079 146.89884136376708 
0.9997582374434462 -0.02062627269796068 0.007617306542945028 1.3519368419805702 0.020632250006104372 0.999786882910277 -0.000706536155840772 0.9448676029642399 -0.007601110229670364 0.0008635273894630088 0.9999707382969847 148.94666145630327 
0.999784899920859 -0.019312843898961346 0.0075609381742669304 1.3801431129425474 0.019319496752963978 0.9998130351297716 -0.0008074578110859613 0.9631760513021885 -0.0075439305079279565 0.0009533575122554082 0.9999710896962636 150.8148877692094 
0.9998060337292496 -0.0181869970261325 0.007558300428169806 1.410578783211545 0.01819737199855538 0.9998335615020116 -0.0013057920258080842 0.984688227835009 -0.0075332942688762315 0.001443079759905476 0.9999705830695198 152.87646699782584 
0.9998395669368844 -0.016228525918051004 0.007581240139448114 1.432431203283157 0.016238714671041637 0.9998673190087206 -0.0012839976264387262 0.9988953603513963 -0.0075593971340149925 0.0014069010400659333 0.9999704376383406 154.7568929564021 
0.9998663254251381 -0.014282615797852607 0.007958520818958132 1.4574600149541042 0.01429198277110942 0.9998972359849917 -0.001121072924565533 1.0190120002372005 -0.00794169139985527 0.001234665941207687 0.9999677020506427 156.6453520000246 
0.9998722443704787 -0.013770472980530175 0.008115965927313519 1.4902220261885852 0.013773573824896216 0.999905086727911 -0.00032603831715970877 1.0387008424609327 -0.00811070620519861 0.0004377824440128009 0.9999670118552113 158.72963036498527 
0.9998806528900136 -0.013260967688571072 0.007926323781544344 1.5176545984664507 0.013263719335906598 0.9999119897049779 -0.00029443179497571373 1.05168978777048 -0.007921722018806808 0.00039952911865892977 0.999968542857115 160.62220639007685 
0.9998724957699956 -0.01414250179766328 0.007414966917068514 1.5579614232841583 0.014142978217194548 0.9998999830677605 -1.1528855307845215e-05 1.073222091644734 -0.007414062516047291 0.00011639706370311288 0.9999725086897437 162.5233086818989 
0.9998692412452839 -0.014869365294465404 0.006356278021435233 1.6024056339310793 0.014864776883139842 0.9998892175505039 0.0007688602002062301 1.1014433845297997 -0.006367006552577241 -0.0006742749544550134 0.9999795030831024 164.6214530571718 
0.9998734873214525 -0.01503720978646795 0.005185706895486397 1.6357794795451608 0.015034986651671804 0.9998868587972312 0.00046786132785326984 1.129921256119094 -0.005192155695826692 -0.00038983507712282695 0.9999864446841668 166.54938061713153 
0.9998866432756343 -0.014455010585104091 0.004213449546863185 1.656253944239303 0.014459407191915536 0.9998949428437719 -0.001014360452651185 1.153964303488812 -0.00419834445131965 0.0010751693119985385 0.9999906089147458 168.4798204278945 
0.999898124228152 -0.01388617297216851 0.003303825140495354 1.6736886075153519 0.013894668921755534 0.9999001822280977 -0.002562002992668184 1.1796077730805747 -0.0032679190540560836 0.002607647231334988 0.9999912604028407 170.60487886719284 
0.9999076638808115 -0.01338456152329897 0.0023488563349624114 1.6809403372576397 0.01338875542254101 0.9999087857023653 -0.0017780893479096083 1.1991041685017167 -0.002324843217992293 0.001809373211374237 0.999995660627328 172.53677248472331 
0.99989946805395 -0.014107707938647122 0.0014234664960730513 1.6903910543134422 0.014109496369100354 0.999899671379758 -0.001252753622306766 1.2194397934720431 -0.0014056502459190456 0.0012727119219643629 0.9999982021745112 174.47592611712804 
0.9998886097413182 -0.01492371260846209 0.00022538679110353796 1.7034440626631122 0.014923982700326539 0.9998878654308251 -0.001237504414775066 1.235746635900663 -0.00020689336012386455 0.0012407300900392482 0.9999992088915379 176.62125347297206 
0.9998885062698917 -0.014915348468690397 -0.0007122483504307656 1.715383360476948 0.014914744190606172 0.9998884082728485 -0.0008494231497404695 1.2602636718621976 0.0007248383416039166 0.0008387053436092297 0.9999993855908442 178.58012054181845 
0.9998898266245488 -0.014736338294658301 -0.001781807224910779 1.7268862533563798 0.014735663927533293 0.9998913473240277 -0.0003922570915916348 1.2832214897565637 0.0017873941272957944 0.0003659577210705868 0.999998335646674 180.5470192004167 
0.9998988799206089 -0.013929875495919892 -0.002861538220356624 1.7261626995355241 0.013928216518774315 0.9999028179635024 -0.0005995965657052969 1.2996933825804262 0.0028696125428623294 0.0005596797496512972 0.9999957260312847 182.70643687524768 
0.9999147012357866 -0.01251491191648873 -0.003737264307413203 1.7315458257431375 0.012511662493484902 0.9999213281900436 -0.0008920886109250577 1.320942301414222 0.003748134840142961 0.0008452530363275073 0.9999926184880116 184.67980969574967 
0.9999207572167417 -0.011664347269998035 -0.004735209602966977 1.7434988540464955 0.01166035525628718 0.9999316371771796 -0.0008701549548830992 1.3382063938439217 0.004745035856037902 0.000814871690691056 0.9999884102411133 186.86580545566719 
0.9999275404955964 -0.010663617780237005 -0.005585780449598611 1.748050400795178 0.010662437899872852 0.9999431255263437 -0.00024125505666348958 1.345947745074883 0.005588035617686364 0.0001816795288810181 0.9999843703019331 188.85766417376075 
0.999916865158351 -0.011245916791136627 -0.006308094127956586 1.7508152773717574 0.011247136114869785 0.999936736586335 0.00015758356680239347 1.3522104924145708 0.006305923114490892 -0.00022851842006110128 0.9999800913571257 190.85352326752738 
0.999907326230985 -0.011605055742937605 -0.007117692876234548 1.7585316338666899 0.011613306250102843 0.9999319375682373 0.0011186735072821127 1.361717360092334 0.007104226416629092 -0.0012012296299219512 0.9999740431690612 193.06042598620527 
0.9998931008511436 -0.012527501318990057 -0.007539794020851308 1.764293471541475 0.012538699624997072 0.9999203512404402 0.001439540423532746 1.3751390464299473 0.0075211599117175005 -0.0015339255585610806 0.9999705391777061 195.06841575614988 
0.9998912891841771 -0.012486323331145795 -0.007842286436511664 1.7814932566624981 0.012491326921509243 0.9999218068276996 0.0005891276849805575 1.394314823389165 0.007834317468776364 -0.0006870241085782417 0.9999690752543977 197.0845772115804 
0.9998958052001493 -0.012147864321695005 -0.007797951774884383 1.7929261635919227 0.012137931363255647 0.9999254612546844 -0.0013200922093922383 1.407835344568722 0.007813407114915273 0.0012253035356053917 0.9999687241596968 199.29825324253574 
0.9999051145641515 -0.011695444801372797 -0.0072786234717578 1.8079531674431575 0.011679959763666556 0.9999294397554456 -0.0021665948713116517 1.4182559402207837 0.00730344945321579 0.00208137504076424 0.9999711633345602 201.3166322155624 
0.9999211113164529 -0.010743916927008044 -0.006506867232339655 1.8156617300452473 0.010735150183253547 0.9999414230336943 -0.0013809874388089583 1.425947367950978 0.0065213235357418926 0.0013110261611439119 0.9999778765287215 203.33639953757287 
0.9999382773911296 -0.009701510625530716 -0.005414982603731853 1.8270494355684677 0.009702735632540354 0.9999529074384238 0.00019972972064613687 1.4348205870119783 0.0054127901154195565 -0.0002522574972812113 0.9999853189257797 205.5617303032974 
0.9999472819570052 -0.009407328989143884 -0.0041152651305815715 1.8360939989432965 0.009409129049198444 0.9999556458633494 0.0004179227215179117 1.4424363906583577 0.004111151214204681 -0.0004566216898609469 0.9999914449286379 207.58455404620832 
0.9999472807822973 -0.009813963461198128 -0.0030202173052016994 1.8469563859014744 0.009811538479665899 0.9999515318250366 -0.0008171779844853563 1.449773461900324 0.003028090788768901 0.0007875018398731526 0.9999951052406684 209.60789032042075 
0.9999420333736955 -0.010591026526727124 -0.0019390662532854594 1.863132307574153 0.010585109628817452 0.9999393627908447 -0.0030374775524516155 1.4557258134508217 0.0019711187596543164 0.003016775907363557 0.9999935068545789 211.8364639162522 
0.9999373811012745 -0.011147710995986899 -0.0009809887747962952 1.8772400911556888 0.011143963749888781 0.9999308818549731 -0.0037474877503388027 1.4579844701301161 0.0010226969291251703 0.00373632055439144 0.9999924969702737 213.86587229256492 
0.9999321680564789 -0.011647268295611583 1.858210455691176e-05 1.8960347056971054 0.011647277564351246 0.9999284797337888 -0.0027159576203000454 1.4597411019086062 1.3052720209111182e-05 0.002715989507651264 0.9999963116078298 215.90045499338447 
0.9999256904957434 -0.01214321903482836 0.0010750028727620998 1.914759798594893 0.012144743753857995 0.9999252393394163 -0.0014216250877374856 1.4630977157440501 -0.001057659433600325 0.0014345749109329659 0.9999984116745027 218.14082388670678 
0.999916488289307 -0.012788085003372364 0.00186580701814706 1.9351903608967764 0.012792548142036075 0.9999152941700258 -0.0023990185697545267 1.465763192649809 -0.0018349701792219038 0.0024226863632237686 0.9999953817270015 220.1783967196099 
0.9999158421557629 -0.012717512756286783 0.002563860766672217 1.9556129512176974 0.012727118342711041 0.9999119190582524 -0.0037649273245369892 1.4671375153159834 -0.0025157545084737365 0.00379724058993146 0.9999896259174514 222.42225293707187 
0.9999105018454977 -0.013022116301595568 0.0030680107103602905 1.996928460281326 0.013033037537013605 0.9999087063364211 -0.0035663737332069815 1.430496882740337 -0.0030212889861065623 0.0036060396227549875 0.9999889340843097 224.4477421572069 
0.9999018087043829 -0.013584609907690665 0.0034396542602264254 2.0380500647168356 0.013592797897201844 0.999904810240735 -0.0023677844788854217 1.38083118118597 -0.0034071615282111997 0.002414306218341646 0.9999912811505717 226.46352103324656 
0.999892712930678 -0.014189528614394615 0.003635904015385463 2.0817555945832185 0.014195272948470606 0.9998980276744391 -0.001558391618650688 1.3038631776400371 -0.0036134205372365317 0.0016098368748697855 0.9999921757790541 228.6839619015909 
0.9998728925000493 -0.015441878367674404 0.0039682635687634015 2.114372239003386 0.01544716170295496 0.9998798357212851 -0.0013036223043425225 1.2412886061005928 -0.003947656486769103 0.0013647548416011975 0.9999912766894434 230.71432136420373 
0.9998494545913776 -0.016848876451193907 0.00414528417839453 2.1526452390471555 0.016853104135641412 0.9998574898087526 -0.0009864513476198205 1.1712101483668063 -0.0041280729821200806 0.0010561636106984063 0.9999909217261386 232.9486203931892 
0.999831906538936 -0.017839866123290443 0.0042305671248206245 2.184336034605296 0.017843081835706837 0.9998405382434876 -0.0007229507588471447 1.128021192498568 -0.0042169953160787485 0.0007983154828588387 0.9999907897805329 234.9871585031983 
0.9998317545515306 -0.017807294692769222 0.004400306932567961 2.2065414325579 0.01781182896233293 0.9998408639617087 -0.0009927957070903794 1.0890592932452299 -0.0043819278343876986 0.0010710060483997853 0.9999898257770105 237.0214873056874 
0.9998417583526945 -0.017198793516534815 0.004545285141661168 2.2254692862558407 0.017201228129500354 0.9998519247184302 -0.0004965108849090482 1.0414947507680536 -0.0045360728710208305 0.0005746167197327875 0.9999895468763222 239.0550444414601 
0.9998551734994457 -0.016297098420122197 0.004902701265059687 2.246444630468025 0.01629578956490945 0.999867167645673 0.0003072987577085801 1.0092080533631749 -0.004907058283416309 -0.00022736085646577134 0.9999879344722004 241.30378623364294 
0.99986472044304 -0.015556708339944032 0.005341302858860797 2.2642638928002015 0.015553912337930898 0.9998788709874561 0.0005650506058019745 0.9696090768773196 -0.0053494463940271155 -0.0004818959732029219 0.9999855754979436 243.34292164436872 
0.9998764056838704 -0.014646158223695189 0.005715180819482697 2.2850065676420472 0.014647398802840045 0.9998927058610975 -0.00017488179195178987 0.9480868385102008 -0.005712006473435608 0.0002585726610601847 0.9999836529298167 245.38514490434747 
0.9998780649285416 -0.01426187550133079 0.006360351465936121 2.310905995515687 0.014268609377983084 0.9998976838422352 -0.0010142679819375856 0.9302667939521814 -0.00634523556211865 0.001104897529917994 0.9999792583809385 247.63261580952116 
0.9998791867014872 -0.013883970296827853 0.006989081606733182 2.335599213634611 0.013890526147918091 0.9999031259111576 -0.0008900443626153737 0.9196701218404117 -0.006976047446205151 0.0009870187184425 0.9999751799728852 249.68228230402292 
0.9998783406973691 -0.013620775530334613 0.007601195415420171 2.3591052216588015 0.013629224769681928 0.9999065553608908 -0.001060602961788434 0.9075458505626736 -0.0075860391612098815 0.0011640721728002268 0.9999705480423703 251.73512240466286 
0.9998716144443212 -0.013663265257699387 0.008370764792056827 2.3844584206870447 0.013671104981436902 0.9999061590606739 -0.0008798076961390877 0.8928710364173905 -0.00835795852583948 0.000994132205615582 0.99996457749151 253.99572911713824 
0.9998550574062761 -0.014405970602593743 0.00907370235111109 2.4130755498799754 0.014404576398056127 0.9998962247273474 0.0002192303136050441 0.8890605297330136 -0.009075919279670025 -8.84957172491896e-05 0.9999588090848196 256.0587437638642 
0.9998216135939465 -0.016173504549896762 0.00975492731359138 2.451267818098321 0.016158041402407473 0.999868068833785 0.0016621519566531026 0.8980565555752656 -0.009780523515130318 -0.0015042347902221088 0.9999510381248938 258.3341864775098 
0.9997892700564336 -0.017764259255994758 0.01028816902052809 2.4885456738046368 0.017755163980733114 0.9998418893520313 0.0009749820411080417 0.9071477260512891 -0.010303862560468773 -0.0007921083969721923 0.9999466000696909 260.4052302215153 
0.9997736520380325 -0.018365537250403657 0.01074018499188043 2.5265028204733824 0.018385088482664732 0.9998294933251997 -0.0017242236157567938 0.9219759300097978 -0.01070668780832254 0.0019212923385631543 0.9999408359907033 262.4800066084385 
0.9997464370925967 -0.019593633491418554 0.011097336386802803 2.5683341797320485 0.019616576301890322 0.9998056512917247 -0.0019620758235112112 0.9316760148863469 -0.011056735833903106 0.002179269774878478 0.9999364976767843 264.76697216513605 
0.9997470839784611 -0.01962456407875995 0.010983823956894973 2.607549926750623 0.019625004459119254 0.9998074088252757 6.796716489834687e-05 0.9495548506001644 -0.010983042792648404 0.00014760756733787187 0.9999396736774273 266.85162559976703 
0.9997597849263563 -0.019018175747748434 0.01089409333179963 2.649673782340804 0.018999256169924164 0.9998178088174153 0.0018378223784967244 0.9697813622898397 -0.010927060953068285 -0.0016304010836357132 0.9999389687087827 268.9430226302453 
0.9997782987950633 -0.01833194605601907 0.010358226429177197 2.696286162551057 0.018337128697546955 0.999831778640201 -0.0004053143472412725 0.994130982509838 -0.010349054126696186 0.0005951645185543991 0.9999462699905186 271.2467269676802 
0.9998165412247062 -0.016341036331972505 0.009992711792308914 2.733482441790921 0.016359596095586182 0.999864591767152 -0.0017781656716560456 1.0103116567315125 -0.009962301982783315 0.0019413159265824786 0.9999484905936484 273.342123658286 
0.9998621880626709 -0.013546130804282805 0.009597245151968808 2.771060354281783 0.013576984004810083 0.9999028455325849 -0.003156755018992329 1.0257006830707711 -0.00955355125792216 0.003286621218308611 0.9999489625908453 275.65336995489264 
0.9999005728277528 -0.01080011297041017 0.009066528306637874 2.804698130200865 0.01083575509740003 0.9999337206396818 -0.003891120201283505 1.0427649696773575 -0.009023903161914515 0.003988975514169689 0.9999513274414041 277.7581472960101 
0.9999241735622704 -0.008834675533668035 0.008578785915616513 2.8350417594015385 0.008862584992703358 0.9999555401821533 -0.0032206065572736382 1.0554592415995214 -0.008549951791893292 0.0032963921663592063 0.9999580151831126 279.86344937672357 
0.9999415947379051 -0.007084271716146064 0.00816211706346648 2.8597473418173425 0.007093527270804533 0.9999742296245563 -0.0011054424157120927 1.0760317145341844 -0.008154075761075278 0.001163275895039747 0.9999660783470026 281.97388365578314 
0.9999464793999306 -0.007038130867629368 0.007583073143041895 2.8922243967981855 0.007028529802696111 0.9999744647362836 0.0012921643130750895 1.10529918091478 -0.007591974207562198 -0.0012387971802275634 0.999970413220333 284.30475052970814 
0.9999394642777067 -0.008428845373296478 0.0070726433828329355 2.9210427657774205 0.008405934459215928 0.999959345593815 0.0032630478065835975 1.1411046599411647 -0.007099859840025779 -0.003203397752966071 0.9999696646592947 286.42662384412534 
0.9999216623277983 -0.010592513515616318 0.0066684170996 2.946503391222517 0.010565344032054256 0.9999357931742845 0.004096719178169522 1.181903161821501 -0.0067113837487134 -0.0040259436893396805 0.9999693740862176 288.5445455163081 
0.9998960095062689 -0.013098204144152225 0.006033831431774273 2.9732292784282155 0.01307324342454956 0.9999058956588983 0.0041581520848108025 1.229039800512211 -0.0060877281778878465 -0.004078837481920638 0.9999731509668136 290.87650695032 
