1.0 9.75835768655156e-18 7.024556842510115e-19 0.0 -2.9856039441692385e-18 0.9999999999999999 3.67959095079795e-18 1.1102230246251565e-16 2.5436351570253638e-17 -1.1156539848457699e-18 1.0 0.0 
0.9999840300692363 0.0015335884387806555 -0.005439459805701417 -0.01716309618895695 -0.0015295536207978438 0.9999985520496714 0.0007458930933646162 -0.009729165058952716 0.005440596018461196 -0.0007375611367162365 0.9999849278445747 1.597216012170319 
0.99993679638834 0.00035758761102909595 -0.011237231149247025 -0.04987920355408443 -0.0003425698429413831 0.9999990457570413 0.0013383307065940164 -0.026917765787605852 0.01123769940187451 -0.0013343964000797745 0.9999359646977658 3.1894124699411934 
0.9998364377801758 -0.002343176397728834 -0.01793341009307608 -0.08184083452860041 0.002355001136491066 0.9999970232993867 0.0006382594915722871 -0.036871806826850095 0.017931861806755992 -0.0006803881730805006 0.9998389797386189 4.943189037840501 
0.9996813395765776 -0.006124242565216033 -0.024489036540548622 -0.11965495443739496 0.0061170979374176974 0.9999812231690404 -0.0003666880413493939 -0.04850954866742141 0.024490823292479594 0.0002167693952486095 0.9997000313055093 6.536897051218384 
0.9994602844626512 -0.01048177813540195 -0.031133133812857868 -0.16308807139460643 0.010496324030821359 0.999944865970103 0.0003037659131035735 -0.05593629886181273 0.031128234442322787 -0.0006303852754752529 0.999515200310129 8.13454531337878 
0.9991691244453773 -0.013239432129567387 -0.03854579179822117 -0.23191571922197862 0.013342193012071636 0.9999080850473189 0.0024098630590870893 -0.06736200803623171 0.038510345039406174 -0.002922145724394033 0.9992539288982416 9.890863628892948 
0.9988552659460681 -0.015706989292160613 -0.04518238608870198 -0.3070890709052755 0.015878375930454238 0.9998680243069189 0.003436752645510184 -0.0725740115484046 0.045122443706695325 -0.004150240799657051 0.9989728427837269 11.48733102870452 
0.9985059896307185 -0.01773022525425601 -0.05168585471577607 -0.3906647813512234 0.018029055880519024 0.9998233040226971 0.005321092312595792 -0.07271797905349231 0.05158237972921749 -0.006244988862050975 0.9986492168302596 13.084941927611052 
0.9980519620160826 -0.021254632743375777 -0.058655958209521686 -0.49261711107921863 0.02163094708906722 0.9997492690820737 0.005788029466992528 -0.07565707635261054 0.058518231018481894 -0.007045537138893325 0.9982614773329604 14.843185784931332 
0.9976076357217629 -0.0244929180827141 -0.0646459726627331 -0.5896812271232628 0.02489373054831238 0.9996755090848493 0.005401753624295235 -0.07709139425523381 0.06449269325242146 -0.006998109121724559 0.9978936411716451 16.44371683338315 
0.9971176775786699 -0.027577381614695518 -0.07068114801699331 -0.7121697667992672 0.02804547636148757 0.9995907452783558 0.005638570600428326 -0.08677036509139302 0.07049672695681945 -0.007604603838801072 0.9974830232231169 18.039906222033423 
0.9965958860839162 -0.029929900486462702 -0.07681692806368641 -0.8466863666767963 0.03038058774069423 0.9995273306673417 0.004704831389599901 -0.08983007639212581 0.07663980669402269 -0.007022558032763306 0.9970341136932406 19.798886560580655 
0.9961367719535373 -0.03230741827162634 -0.08165636390696088 -0.9803746002527389 0.03272857583359458 0.9994569611627317 0.003824060950506072 -0.0981078983200423 0.08148847874315712 -0.006481783281501975 0.9966532067388479 21.396586992128686 
0.9957536069385104 -0.03249361274535757 -0.08613314607185145 -1.1296590782393854 0.03281928671305297 0.9994584987714363 0.002367274535158735 -0.10152545493567944 0.0860095866830231 -0.005184049762396641 0.9962808222778405 23.156726268795975 
0.9954126775903107 -0.03408084358899819 -0.08939852796412119 -1.275153422731889 0.034390674376428065 0.9994066078523656 0.0019271887751434093 -0.11111678479334175 0.08927980259757984 -0.004992823006579634 0.9959940706638505 24.756234438702233 
0.9950448305758782 -0.037571687835916176 -0.0920551614782282 -1.4252021693130097 0.038212779575777296 0.9992560386466252 0.0052108664294144595 -0.1180433167784728 0.09179089826792959 -0.008702728069708792 0.9957402742474126 26.359312858187497 
0.9945912734458437 -0.04194593527094484 -0.09501966398169404 -1.5919033497182908 0.043249634386872356 0.998995765780992 0.011701692195822403 -0.11961398594265349 0.09443340695729383 -0.01574796462796445 0.9954066171639335 28.124733769381457 
0.994007596045382 -0.04861258306803829 -0.0979066640760636 -1.7395897023761593 0.05030048405398537 0.9986238047833965 0.01484447683463943 -0.11034692573156613 0.09705030051252062 -0.019680272831155782 0.9950848839491654 29.72900082930984 
0.9935144384838186 -0.05291948196721893 -0.10064088604947509 -1.8950983952739147 0.054738567915185214 0.998381983134906 0.015398236855420388 -0.095996273969158 0.09966318425580471 -0.020807305987429612 0.9948036519661406 31.329831101319346 
0.9931981365077043 -0.05458042160882295 -0.10285153453546403 -2.0740437033732757 0.05613361437356519 0.9983479211070265 0.012265665253391156 -0.08241540935914704 0.10201215417321201 -0.017955661939556583 0.994621091108624 33.086834882628274 
0.992905482961742 -0.056409315496259806 -0.10467420846883853 -2.2471387584729254 0.05775206126090222 0.9982824713269742 0.009839089266386313 -0.07902809005006928 0.10393941496759714 -0.015814434910326754 0.9944578935076486 34.68297534302617 
0.9925626279623959 -0.05868026044807403 -0.10665859285396558 -2.4262278021079746 0.05996501657784432 0.9981610182586842 0.00887576930961445 -0.08058726331953303 0.10594162101273097 -0.015205539195468026 0.9942560861399231 36.28055059625334 
0.9921811329575121 -0.06143774930072749 -0.10863701537125235 -2.615553165537028 0.06281047281112202 0.9979825499720473 0.009256100156491226 -0.07914724247601257 0.10784917554646617 -0.016007268139881032 0.9940383911209398 38.0408861378693 
0.9918600492320923 -0.06372273080788912 -0.1102408952864956 -2.794526416554694 0.065200909341529 0.9978235186125857 0.00985231536666878 -0.08012910898550185 0.10937314552875713 -0.016959922411007324 0.993856064225418 39.639580076480804 
0.9916600883266937 -0.06491564792516412 -0.11133834251802026 -2.9730173995727807 0.06636765751128021 0.9977511354917905 0.009381187723431071 -0.07628748053784529 0.11047897577169294 -0.016692212245745224 0.9937382785727219 41.23882802851458 
0.991532412153298 -0.06531480266065773 -0.11223836610750813 -3.180455683785167 0.06635602428865735 0.9977805069314232 0.005562287668384954 -0.0800823375716957 0.11162595814195952 -0.012962878496281765 0.9936657434019388 42.992392068176635 
0.9914305520169113 -0.06560867144796445 -0.11296442523671328 -3.3648754906031377 0.06641304508030939 0.997786532826237 0.0033679918767726322 -0.08438856098845138 0.11249341678575736 -0.010841439992089641 0.9935933246215242 44.59071761867766 
0.9913026880583757 -0.06611688323969322 -0.11378724441105241 -3.569244132609044 0.0670056392959729 0.9977445809858956 0.0039995558215024304 -0.09465681334985832 0.11326617242595877 -0.011589155885583251 0.9934970890884015 46.35045974132505 
0.9911377163537183 -0.06716517655929986 -0.11460743796882424 -3.7517760150233843 0.06822530566940951 0.9976556044036621 0.005348245660947876 -0.10041912242598727 0.11397954104862665 -0.013119973694460024 0.9933964620887005 47.951811234046176 
0.9909612915398038 -0.06841819400804428 -0.11538920191717296 -3.9368388272132164 0.06952993958381593 0.9975639639556064 0.0056326207281383305 -0.10755600332859405 0.11472274006705231 -0.013604711508455205 0.993304386941898 49.55113014897853 
0.9907312365939726 -0.07052297101097856 -0.11609533089990828 -4.14961567364292 0.07155813866451213 0.9974250367667182 0.004767596078974006 -0.11939297695607021 0.11546016882232445 -0.01303097036924096 0.9932266325548103 51.307063738010584 
0.9905532365456842 -0.07223476153848131 -0.11656081333308163 -4.337692195611276 0.07311507877956305 0.9973180891500083 0.003288692893123258 -0.1267882796365699 0.11601065387074104 -0.011779976804734443 0.9931781112835354 52.9057894850102 
0.9903339024539572 -0.07420169067234073 -0.1171873248415658 -4.528257426025321 0.07504311686095752 0.99717642077509 0.002778076069509603 -0.13720620573656805 0.11665030342309268 -0.011545323419754078 0.9931059422951399 54.50668440698045 
0.9901590785751109 -0.07487197773466744 -0.11823360093623221 -4.734163788280296 0.07640873285216127 0.9970402455682593 0.008512082602038257 -0.13804483243149557 0.11724634627759267 -0.01746239320622964 0.9929493237290573 56.27686932445491 
0.9899708529167259 -0.07635978984654548 -0.11885659909393154 -4.929027158304259 0.07834968504058172 0.9968518578916375 0.012153255711253643 -0.13714467575563682 0.11755440580331422 -0.021343743293064207 0.9928370494033065 57.88471277550795 
0.9899592281559974 -0.07595356767031028 -0.11921317223270812 -5.12273590159246 0.07775640129333626 0.9969166929039819 0.010538064279283561 -0.12957556472242748 0.1180452020825065 -0.01970183869342294 0.9928127558603838 59.489844420619285 
0.9897952032713875 -0.07758572491094948 -0.11952367593495299 -5.33414794860973 0.07908834421262402 0.9968365245145477 0.007872646849252068 -0.12173424450596959 0.11853476497581916 -0.017245235446835826 0.9928001368571377 61.257035765762446 
0.9897979676176422 -0.07700342122828381 -0.11987683125153217 -5.52419734791396 0.07846681717665148 0.9968883006039523 0.007528350916860046 -0.1127311750128197 0.11892410609884245 -0.016857897616234928 0.9927602271839715 62.868841452353266 
0.9898018822835667 -0.07619260763580496 -0.12036161614235523 -5.735384384095879 0.07786031814898843 0.9969217608305697 0.009207332510432712 -0.10576251420771388 0.11928958792420839 -0.01848482636536957 0.9926874159595939 64.64557925941811 
0.9897071141841083 -0.07645477099987456 -0.1209731142988715 -5.927793845226772 0.07855010589611762 0.9968300240253624 0.012640625962232331 -0.09657886615696698 0.11962320056914189 -0.02201296556604104 0.9925752966977989 66.26348418052936 
0.9896534886922445 -0.07613353428929054 -0.12161272769810964 -6.11871123047809 0.07872197654056759 0.9967581209624486 0.01661625955885058 -0.08379551191586543 0.11995342367952241 -0.02601793026296005 0.9924385340228059 67.88252124576786 
0.9895444902674031 -0.0767633320473376 -0.12210278815344355 -6.331542866752965 0.07940095142499315 0.9966998790593223 0.01687724484020707 -0.0665996644027651 0.12040428495200355 -0.02639585887387396 0.9923739553019413 69.65742179108658 
0.9896589037853143 -0.07492756916660832 -0.12231562380790802 -6.525389068021615 0.07728842381663815 0.9969009117735015 0.014665366620252078 -0.04840906602224482 0.12083772096482456 -0.02396728938226799 0.9923828971785051 71.26665065754383 
0.9896644159288083 -0.0750855697963984 -0.12217405346346073 -6.723888849906045 0.07643853972282959 0.9970536375870858 0.0064183102344114494 -0.04614042150607045 0.12133216632145712 -0.015690777392659627 0.9924879371290315 72.86752312660471 
0.9896641165026492 -0.07406136042783959 -0.12280003953127576 -6.943324599937633 0.07500502391791646 0.9971784211314054 0.0030731190495299847 -0.0544702718078236 0.12222595457659101 -0.012251973847246774 0.9924266751809275 74.63311636369684 
0.9895717826171763 -0.07298715795808164 -0.1241795480313571 -7.143265718395744 0.07418789275420487 0.9972314119694826 0.005066435878184093 -0.06532453961063467 0.12346596572465622 -0.014226219041196905 0.9922468293972011 76.24427489225835 
0.9893268313349577 -0.07404029816538309 -0.12550081010291866 -7.337271223368479 0.07553774830836654 0.9971168871816571 0.007208546331014914 -0.06127367564500197 0.1246052586835137 -0.016611654696202478 0.9920673277988503 77.85614044987233 
0.9890979601786222 -0.07404405969514961 -0.12728982939381658 -7.551158581557014 0.07605425013158805 0.9970430223340834 0.010998360601297016 -0.05225638171932201 0.12609907748088975 -0.020559385893442614 0.9918045849628433 79.62997226468447 
0.988815089093548 -0.07512956043502705 -0.12884202326467487 -7.7431837708927596 0.07726144135010432 0.9969431308559716 0.011621739946511101 -0.03949442706378892 0.12757503843566945 -0.021446269472761164 0.9915970288100278 81.24003437318711 
0.9886445834298495 -0.07483454028277084 -0.13031376542768205 -7.946163503624931 0.07691263848068539 0.9969773699483181 0.010980490026074437 -0.03193376888991928 0.1290981598478761 -0.020878574806272997 0.9914119984674163 82.84281446836914 
0.9884415332790495 -0.07394181251881488 -0.13234780648508182 -8.17648672990066 0.07621631225022266 0.9970167144194457 0.012196155409812873 -0.02322962118827876 0.13105117406018738 -0.022142245436971582 0.9911283020991206 84.60297073034091 
0.9881692007219038 -0.07377015405843912 -0.13446037829565133 -8.384583540029794 0.07625160971190863 0.9969986655818643 0.01339231645746564 -0.010123667381322643 0.1330688692705637 -0.023486691916481884 0.9908284674056955 86.20372880628445 
0.987754520138452 -0.0748343936276424 -0.13689711334100313 -8.611927355177048 0.07751918631879832 0.996887163175825 0.014379185736492587 0.00536992451468199 0.13539492218565824 -0.024815255363978467 0.990480902717555 87.96504467867194 
0.9873434104195841 -0.07566608850346083 -0.1393830372378367 -8.824921969961501 0.07869646920873541 0.9967645094081101 0.016351755061296595 0.02002313028493874 0.1376947963298644 -0.027113747058726937 0.9901035240271502 89.56443279672145 
0.9869676291346042 -0.07561853659244257 -0.14204483115499797 -9.045673902853425 0.0786769024501725 0.9967712598449524 0.016031280091425713 0.03464812322058519 0.14037394840569747 -0.026997998386278303 0.9897303992627967 91.15896784001114 
0.986533456353178 -0.07590732939606319 -0.1448786212584516 -9.28944884149911 0.07890212326989851 0.9967690613633663 0.015029791379749175 0.05405796879520375 0.14326966114675166 -0.026258619507142252 0.9893352766690928 92.91096350616886 
0.9861259217340281 -0.07561191199491152 -0.1477785616586612 -9.519543656012338 0.0785553263320133 0.9968089706564538 0.014175263228848104 0.06584326352679692 0.14623518243426073 -0.025587384357650785 0.9889188833160286 94.5019982601897 
0.9855271799637066 -0.07699820996165853 -0.15102136001367303 -9.748301383634702 0.0800834098546776 0.9966834941975374 0.01444511230601313 0.07982272528528411 0.14940825437816263 -0.026330352877167097 0.9884249524707678 96.0917812775783 
0.984821761623141 -0.07813074636951409 -0.15498929703723718 -10.01071585715619 0.08146369005012662 0.9965594689865444 0.015260846287420953 0.09016921737345618 0.15326371575173653 -0.02765521002902088 0.9877982706244357 97.83627272174391 
0.9841252420894486 -0.07922305426751727 -0.15881188045285036 -10.253148046260417 0.08270605377950349 0.9964544817617981 0.015432949673002206 0.10177298398870638 0.1570261702683663 -0.028322655621980622 0.9871882341887724 99.4174959214355 
0.9834991137487381 -0.07838282978647364 -0.1630509829642841 -10.503180179801612 0.08212923108593298 0.9964875031705067 0.016353803917677098 0.1140588506556185 0.1611964152669102 -0.02947519973801706 0.9864820976751977 100.99328833106492 
0.9827268870904432 -0.07759017596412283 -0.16801079651358214 -10.787458094136104 0.08147445621686157 0.9965414785479465 0.016340011454819125 0.12705039593550493 0.16616190917765306 -0.029746353051938554 0.9856497223659616 102.71583622497516 
0.9820207304027011 -0.07698243331141116 -0.17236295352769695 -11.047154008959547 0.08051578795999811 0.9966606545237374 0.01359224164715134 0.13930021266513992 0.17074101638753064 -0.027225798540576596 0.9849397250945309 104.27103565697179 
0.9812014429751047 -0.07534877926327095 -0.17766903916267332 -11.350186871999465 0.0794164527102425 0.9967149519211972 0.01588499449386104 0.1474781061895324 0.17588847920898634 -0.02969622052045712 0.983962081720656 105.97156472529024 
0.9804729769761639 -0.07212491997596045 -0.18295008901456364 -11.629897314541692 0.07740320139274111 0.996760050020753 0.02186660598939257 0.15912906052352094 0.1807802191584209 -0.035600534319484387 0.9828789931746474 107.5110785599114 
0.9795182155249071 -0.07173604611482653 -0.1881435696984363 -11.912953208542705 0.07729956717047155 0.9967564222274901 0.02239225365624669 0.17329847868409542 0.1859269863298104 -0.036477032196191875 0.9818862372189664 109.03244723188062 
0.9784901921623169 -0.07095338187421314 -0.1937074058112201 -12.225787960164096 0.07613612294285461 0.9969080324842637 0.019433652909117898 0.19212159574858234 0.19172959229989792 -0.03376376527829485 0.9808668475657597 110.68844227662943 
0.9775223735023287 -0.07061238654187396 -0.19865522327435345 -12.519071435142454 0.07567090763139246 0.9969707572954642 0.01797843515927313 0.20405687171172526 0.19678395525356263 -0.03260673942381583 0.9799045242466918 112.17785064976599 
0.976669857808659 -0.06886425641484695 -0.20340526192998545 -12.822222828529506 0.07392960593494452 0.9971116385228433 0.017401003787345562 0.21356044195895663 0.20161945407566653 -0.03203270257090365 0.9789399894353376 113.65602414279712 
0.9757657943561734 -0.06698890452295371 -0.20831130251968769 -13.160013149653032 0.0717375448734277 0.9973059363331046 0.015316500498593755 0.2200584192516507 0.20672407046495372 -0.029889054736133257 0.9779426386030886 115.26382005134523 
0.974989121004578 -0.06673729902129366 -0.21199609505040143 -13.465579054496867 0.07109840302455259 0.9973844989843443 0.013006899179669983 0.22672022209539366 0.2105735813204744 -0.02775416528636374 0.9771839512248484 116.71200219782037 
0.9744447112057952 -0.06498472271169141 -0.21502206419461903 -13.7751817314216 0.06970910270696934 0.9974626500568157 0.014453506910567992 0.23341995322755238 0.21353722852957774 -0.029073134647633912 0.9765022305554151 118.15148264188797 
0.9739387301716839 -0.06296581115696102 -0.21789597053702578 -14.116716889540642 0.0688130433435122 0.9974420204715712 0.01934378397236193 0.24376815513958466 0.21612060783393358 -0.0338337408335338 0.9757802838018227 119.72593559318202 
0.9736296878787236 -0.06011611239190201 -0.22007108266603553 -14.434792441047337 0.06656338294706754 0.9975398023984899 0.02199226569971114 0.2550259220014378 0.21820758264718365 -0.03606099384811822 0.9752358981369776 121.14112282279571 
0.9734369508045448 -0.057652849239601574 -0.22157763725136187 -14.785632335286625 0.0640875980969802 0.9977027322296323 0.021955383825608504 0.27153617825877124 0.21980283155954053 -0.03557255580746253 0.974895537971889 122.68090829095027 
0.9734821796712814 -0.053869159487553095 -0.22232983861170386 -15.10361466926064 0.06015295137053916 0.9979557866454081 0.02158405090509383 0.28884010716302316 0.2207126422483779 -0.03438548038301313 0.9747325631992105 124.07474839790375 
0.9737015658317271 -0.050258465582188806 -0.22221463729897822 -15.424226190461523 0.056435917475654386 0.9981739827979779 0.021533418444801136 0.3067283604777657 0.22072664092397043 -0.03350800578088098 0.9747599525079206 125.4599726132147 
0.9741751955035147 -0.046357090177298554 -0.2209834981347798 -15.772543564326835 0.052501216833220954 0.9983783147799035 0.02200826097748851 0.33091973817177256 0.21960490142833186 -0.03304180013875905 0.9750291935000502 126.9775857378201 
0.974754002604913 -0.04354342266752075 -0.21899452646891993 -16.094792760642335 0.04981145941251208 0.9984896165602516 0.02317983661986702 0.34880909589484765 0.21765443917222596 -0.03350307108931874 0.9754507116035098 128.35007465956318 
0.9754453503166712 -0.04198295027563823 -0.2162031414611901 -16.402162993064128 0.04783323137745143 0.9986153258624209 0.021895514974001152 0.3674899084194426 0.21498453998658235 -0.031699568975170546 0.9761028564143756 129.71830995552375 
0.9763493435105806 -0.042287065560692 -0.21202302119293212 -16.733925996700894 0.047004026557849896 0.9987456679918487 0.017254354990312526 0.38839972953156837 0.2110274454993821 -0.02681221026831391 0.9771123395046301 131.21307164985365 
0.9772461414610825 -0.041730531308670715 -0.20796283280590375 -17.022603125792546 0.045801256222888304 0.9988409966332527 0.014795572064231679 0.4030185760078298 0.20710438357298713 -0.023983871416912397 0.9780248205258207 132.5713186392856 
0.9782136840390663 -0.04062363051976042 -0.20358709968209932 -17.308008794952162 0.04511325675151575 0.998829312406787 0.017458502744719807 0.41378211209739785 0.2026395423307213 -0.02626261985350211 0.9789011655686889 133.92915416771567 
0.9792655519593438 -0.04009677617894208 -0.1985729727835683 -17.619063520110963 0.044919466546444825 0.9987935815710474 0.019839947568174855 0.42524431193348483 0.19753789986690784 -0.02834836545496998 0.9798852736295562 135.41479856059945 
0.9802008269162117 -0.0407879281919933 -0.19375934071568077 -17.887429563959742 0.045370638239642415 0.9987843231217618 0.019271265134014583 0.4414621186117393 0.19273776392821143 -0.027680691303522346 0.980859793655027 136.76099231735785 
0.9812505519981142 -0.041396225926934954 -0.18823842602668728 -18.173708729742323 0.04608331100042192 0.9987253806297438 0.020589879563934283 0.45967713627170487 0.18714615711137988 -0.028878476824485307 0.9819075060803296 138.23857734050597 
0.9821478007735867 -0.041936097245093625 -0.1833768240186807 -18.422141734608886 0.04686737887349758 0.9986445483935803 0.022638802825441135 0.47780997612642195 0.18217888912042737 -0.030829037492771744 0.9827819818099714 139.57955932459032 
0.9829311139774008 -0.043048934781909964 -0.1788664664759272 -18.66771166772356 0.04807250597820903 0.9985591907867027 0.02384485953374534 0.49490673576436806 0.17758226459910717 -0.03203640949494131 0.98358436784265 140.91346079273978 
0.9836742270863365 -0.04413574714916243 -0.17446217144095505 -18.926343727648 0.04937793748118821 0.998446365705098 0.02582004645687077 0.5189914069327739 0.17305154019554597 -0.034013092093624825 0.9843252891342987 142.37857104543906 
0.9843772130334951 -0.04483504549882485 -0.17026837541565906 -19.158452480181637 0.05005390256435559 0.9983954050038598 0.026480612179546822 0.5388702635261792 0.16880791023385455 -0.03458950349253813 0.9850418551834793 143.70195666524114 
0.9850917217719786 -0.04475917772758481 -0.16610513016282377 -19.37962985153174 0.04963018238794769 0.9984474577286464 0.025288729744436373 0.5615317438381767 0.1647153480857883 -0.03315554200909226 0.9857837312906802 145.0190807290856 
0.9858083389647135 -0.04466398001250699 -0.16182412158947201 -19.61701648936171 0.04926131960465503 0.998485207767401 0.0245074060136774 0.5862201247162362 0.16048439913162382 -0.03213127089479369 0.9865152506504375 146.45649607074307 
0.9864306601233808 -0.04391113507296416 -0.1581972302230685 -19.826950425230056 0.04842539609320385 0.9985190478098743 0.024792999978768764 0.6079070208209238 0.15687426454316494 -0.03211733478757276 0.9870962174941303 147.75715888038823 
0.9870540406580711 -0.04278082883975622 -0.1545772306295139 -20.031181608793048 0.04725475662262309 0.9985602896819823 0.02538378421102668 0.6290083842300714 0.15326875036174015 -0.03235967208457392 0.9876545663369849 149.05193133086988 
0.9876805534808029 -0.04154575326986983 -0.1508677349432889 -20.249871061066525 0.04598478021555197 0.9986023401628061 0.02605315419040575 0.6512701885954036 0.14957448061198356 -0.03266980925661938 0.9882105842853497 150.4647745591447 
0.9882353218596546 -0.04031944756741653 -0.14753063959174953 -20.440171064285366 0.04490120271719675 0.9986029463350536 0.027857462000127727 0.6740111353556003 0.146201339124324 -0.034154026792535035 0.9886650956855776 151.740915376413 
0.9887689704663193 -0.039205497246244746 -0.14421806725407793 -20.643764670257863 0.043820188789647156 0.9986195812798049 0.028960724255153183 0.7008844251907377 0.14288357144813812 -0.0349551240676187 0.9891220474781628 153.13167594892778 
0.9892074533633712 -0.038258433149482504 -0.14143869852464575 -20.824647318585185 0.0428021686698077 0.9986561055102737 0.029222557685083486 0.7248046580462091 0.14013061557610793 -0.03496105053336681 0.9895156067457324 154.38329800571097 
0.9896012287919564 -0.03773519110315694 -0.13880008032026442 -21.00054481556171 0.042207579484907894 0.9986756252331281 0.029419659808163037 0.747654535636532 0.1375061054243572 -0.034972142559189914 0.989883336894206 155.6217897278211 
0.990034574533702 -0.03723816962624834 -0.1358118513166038 -21.18284939774064 0.04159399042786321 0.9987026507276942 0.029376112106401224 0.7755637839449924 0.1345417480704688 -0.03473231916930973 0.9902990378927237 156.97090238422962 
0.9904161869511808 -0.03690350314428525 -0.13309360284572744 -21.346893495537834 0.041224554644868315 0.9987037035239023 0.029857147072455983 0.8000702203390538 0.1318192454625123 -0.03505772190487582 0.9906536443447367 158.18240971373132 
0.9907526671492838 -0.03696230669408872 -0.1305486096440579 -21.5041835554402 0.041252412378530424 0.998688875020381 0.030311218324843153 0.8242245417801424 0.12925707616478724 -0.0354163610907838 0.9909784508232229 159.38145419140798 
0.9911130930309316 -0.03689381772977591 -0.1278032946397352 -21.675957298794827 0.04109080681600317 0.9986940827777169 0.030359103911529146 0.8483680894879729 0.12651633538243 -0.03534084149619865 0.9913347780384913 160.68576989740802 
0.9913563596573889 -0.03776409328432944 -0.12564410258445258 -21.823103261832102 0.04185828265141069 0.9986698805317921 0.030105721621376893 0.8724518081840948 0.12434007007174308 -0.03510474061028619 0.9916184772834734 161.86331951280943 
0.9915472073980925 -0.03792699628484173 -0.12407931960393127 -21.9669647596206 0.041998502739736675 0.9986561940752727 0.030363339559473984 0.8989948561744768 0.12276099518836708 -0.03531782583100296 0.9918076373737598 163.0360028745969 
0.9917370914851805 -0.03822449143227456 -0.12245990664425885 -22.12333428818849 0.042250754221297114 0.9986428868035417 0.03045092767113102 0.9263457698978212 0.12112974778151052 -0.03537333349642174 0.9920062055148967 164.3167380498434 
0.9918619181448187 -0.038110317248336856 -0.12148060821123717 -22.262133163139605 0.042118527998407713 0.998643962712086 0.03059846284024354 0.9528002374368247 0.12014976313115877 -0.03546603007238424 0.9921220667952778 165.47438238755504 
0.9919924881015441 -0.038540411635191556 -0.12027277057505768 -22.416770878381097 0.042516424549112024 0.9986249621638728 0.030668211304886686 0.974773477694395 0.11892542971293943 -0.03553619903792149 0.992267061333263 166.73642224808594 
0.9920638604299048 -0.038091902863903945 -0.11982613611808023 -22.55265547028105 0.042038396064130214 0.9986478825998644 0.030580719805806542 0.9959304365614527 0.11849924352685894 -0.03537532115816529 0.9923237960544796 167.87690859848166 
0.9920661978943606 -0.039037412334061265 -0.11950204413401706 -22.68766065823774 0.042997975683275944 0.9986020074468619 0.030744193230122136 1.0170049450128582 0.1181348116251274 -0.035638616487913416 0.9923578263768915 169.0089034417093 
0.9920708100310929 -0.038554921954163913 -0.11962033691269403 -22.8326086030108 0.04256709828480445 0.9986073254258615 0.031168130384222285 1.0454487297108863 0.11825206408665091 -0.03601287856729158 0.9923303493235348 170.2459971909197 
0.9920664063510841 -0.03828304089206782 -0.1197441159265316 -22.966994922879138 0.04232460979368837 0.9986106308105965 0.031391655535835526 1.0677131533104594 0.11837598332281814 -0.03621072542707347 0.992308374552825 171.36040010169643 
0.9920595052587496 -0.037615594717784855 -0.12001251683924591 -23.10011529281905 0.041625929831839915 0.998649589233446 0.03108505226422561 1.0895256630235708 0.11868117214278072 -0.03583384976581658 0.9922856014609462 172.4668227918619 
0.9920596933755234 -0.03708132157496336 -0.12017711727157443 -23.245966750573324 0.04104487152908966 0.9986863406972242 0.030674288868718737 1.1124232420664943 0.11888180654849828 -0.035363375592730596 0.9922784629432457 173.67531746501808 
0.9920020687115754 -0.036822295609095695 -0.12073116152657491 -23.37654370938349 0.040800982405223674 0.9986970996323529 0.03064936521182651 1.1340292933110199 0.11944528512096973 -0.0353301793382407 0.992211974619123 174.7674341913337 
0.9919083568899859 -0.036553618802816566 -0.12157978297061331 -23.50653422213424 0.04062684099868673 0.9986873613500474 0.031193182556857296 1.156205824320689 0.12027997322810204 -0.03588017654840926 0.992091397634446 175.85360125507555 
0.9917729033157743 -0.0361827802018025 -0.12278971375661639 -23.651559954812335 0.04031797666747636 0.9986946444414042 0.03136030110102977 1.1790592036038743 0.12149473096722949 -0.036052925243806086 0.9919371034626897 177.03893391713902 
0.9916399323599466 -0.03654690278330943 -0.12375204067460512 -23.78130083122604 0.040683740199308725 0.998688972683961 0.031067180284864954 1.2013892075803818 0.12245439351453437 -0.03584214800771082 0.9918267299494182 178.10739789626635 
0.9915193211050739 -0.03641809682068018 -0.12475238361644256 -23.924736638839644 0.04065676864770548 0.9986733518695646 0.03160006329073407 1.2274114051478326 0.12343607133301092 -0.036404097612268455 0.9916845659185051 179.26935808791598 
0.9913823058730944 -0.03683527536142729 -0.12571509533269434 -24.052834000910092 0.041160014270505196 0.9986407115949559 0.031977850977453974 1.2510691348943084 0.12436630374520644 -0.036876706212717915 0.991550871788824 180.31352005828577 
0.991250413596269 -0.03714134221164896 -0.1266615069171807 -24.181216801381836 0.041674472726764805 0.9985752177184682 0.03332826852936562 1.273236787535523 0.12524318967792494 -0.03831520676851971 0.9913859433526837 181.34474129172978 
0.9910886008268481 -0.03780013516222249 -0.12772836084154301 -24.323147982785162 0.042587187322060564 0.9984810296642082 0.03495662322335381 1.2960490941305953 0.12621298465675942 -0.040084697513148165 0.9911929680079258 182.46205289158507 
0.9909396508301752 -0.038664871938551726 -0.12862206318793332 -24.45477301630332 0.04355502613431841 0.9984227511696133 0.03542555994122219 1.3147195324854424 0.12704947396863311 -0.040706724332554525 0.9910607418611747 183.46067278417203 
0.9908014624060473 -0.03897011236561321 -0.12959086183349294 -24.581812034056032 0.043964160341376436 0.9983878304041449 0.03590116111661061 1.3360650340546973 0.12798287165378844 -0.04126827130842784 0.9909174106093941 184.4438534701907 
0.9906777424453018 -0.03921584231228929 -0.1304596771337696 -24.721453415795505 0.04432544268753117 0.998350339233076 0.036494601770585125 1.3613001765620485 0.12881330095334678 -0.04193706750015392 0.9907817197393799 185.50726527355934 
0.9905503562512877 -0.0393804733734501 -0.13137415673944264 -24.843576526832017 0.0445983246987138 0.9983190870272273 0.03701338400059727 1.3834675927054767 0.12969572824147407 -0.04252268280253237 0.9906416303727266 186.45562545408131 
0.9903993005184474 -0.04022761286363517 -0.1322534070828726 -24.980871057993433 0.045510768177934854 0.9982721266286485 0.03716896391647942 1.4031648990255865 0.13052967589060416 -0.042831064772463616 0.9905188054301299 187.47695147548535 
0.9902714859084532 -0.040826629849011156 -0.1330246949388291 -25.099849653831328 0.04613962747613929 0.9982456765882067 0.03710397098991197 1.4222824255161064 0.13127650117877593 -0.04288070910550521 0.9904179548752291 188.39047787919293 
0.9901396948550827 -0.04137561306802082 -0.13383363654262337 -25.218424211385774 0.046689033318065856 0.9982310642270947 0.036808657974779495 1.4392046143018264 0.13207391734110105 -0.04269427126083948 0.990319988631427 189.28625382131733 
0.9899717940347746 -0.04232869619550665 -0.13477435743868446 -25.348362236479847 0.047679286510096515 0.9981874519903816 0.0367218881247448 1.457110589909103 0.13297568752755046 -0.04277957342791346 0.9901956245885153 190.25002216704476 
0.9898842421828046 -0.04232556664315682 -0.13541688376898295 -25.46337905635928 0.04766156204520546 0.9981998529766563 0.0364064521545275 1.4740917230499182 0.13363219450482486 -0.042492348298643054 0.990119607556083 191.11073519816046 
0.9897983501436762 -0.043012357677188424 -0.13582769248888948 -25.585462135129596 0.0482392620872481 0.9982073662836072 0.035426377625169994 1.4851376561649166 0.13406043593298353 -0.04161719267041114 0.9900988885679667 191.95508281929895 
0.9897630886859927 -0.043114239483030586 -0.13605215739404966 -25.71242902827616 0.048311572232470644 0.9982142809107656 0.035131782114824574 1.5024679684183435 0.13429453117201906 -0.04134502972572293 0.9900785664637531 192.87200411190904 
0.9897111644876977 -0.043607145595041315 -0.1362726187955249 -25.828265132237245 0.04875797025236406 0.998208026676715 0.034690006641962166 1.5164905291243775 0.13451569451678583 -0.040977458124235415 0.9900638243146952 193.69187951599793 
0.9897212734662919 -0.04345484866494233 -0.1362478472150276 -25.94011629221532 0.04857645028430832 0.9982237335794277 0.034492128626024486 1.5337985818233233 0.13450698929898372 -0.040756025231345305 0.9900741470220669 194.5004365835187 
0.9897161195980946 -0.04416074816790465 -0.13605818539371728 -26.060734090387193 0.04921455491509489 0.9982091632500744 0.03400580447176093 1.550861134062664 0.13431281041112164 -0.040352130915791706 0.9901170510887358 195.37454926188886 
0.9897186154346476 -0.04440094317425311 -0.13596182327210868 -26.16858111376958 0.04943895014978971 0.9982015621280831 0.03390327899418145 1.564341702917253 0.13421197159596768 -0.04027651119033195 0.9901338039341584 196.15396493759692 
0.9897595288457547 -0.04415043026579391 -0.13574539938117566 -26.273912779478014 0.04916165316197798 0.9982192073320995 0.033786783194280495 1.5785289675575152 0.13401196872706891 -0.04011425391983928 0.9901674803974368 196.9196664235502 
0.9897799601292537 -0.04431996869817335 -0.1355410262121539 -26.387873004382637 0.0493454494392977 0.9982048250842417 0.03394340215723875 1.592498205877572 0.1337933406054757 -0.04028482713236614 0.990190120671373 197.74224538157057 
0.989836459275494 -0.04414469937730926 -0.13518516300948016 -26.487503835261084 0.04915446852874385 0.9982141546391105 0.03394614042569474 1.605181963726686 0.1334452058013231 -0.04024607733367017 0.99023867358724 198.4753947373137 
0.989850783836168 -0.04464702863546619 -0.13491503792435644 -26.597610758389322 0.04965612514246547 0.9981877654184271 0.03399198380902939 1.615720293118781 0.13315290389387868 -0.04034634486165123 0.9902739403807811 199.26314481153747 
0.9898907578162915 -0.04467410008405675 -0.134612448380611 -26.694184984931272 0.04971130030286581 0.9981747416160934 0.03429245665907411 1.6275177093057323 0.13283476596870122 -0.04063754076041984 0.990304758941236 199.96665092935763 
0.989950224352309 -0.04445898351416857 -0.13424586021376111 -26.78916111548811 0.04949155851980274 0.9981824902605758 0.03438462637012359 1.6398225389083128 0.13247316623411737 -0.04068310043668575 0.9903513244873239 200.65619677423103 
0.9899693121859772 -0.04540700833275184 -0.13378700761094034 -26.885986623339242 0.0504812487820274 0.9981191871644515 0.034781209249862964 1.656042885628714 0.13195607332721732 -0.041186059957602356 0.9903995676062932 201.39910238914695 
0.9900417617628015 -0.04517524185881146 -0.13332856550025252 -26.97359359386604 0.050282625325935804 0.9981148900598337 0.035189836765817474 1.671223016757275 0.13148752178691073 -0.04154351319676824 0.990446953882655 202.05994125561597 
0.9900825026311336 -0.04580760453534864 -0.13280926260190434 -27.06088950129888 0.05090241153317944 0.9980823363289922 0.03522208400355292 1.6833674286390892 0.1309411444664927 -0.041633075714576556 0.9905155748480211 202.70397415021847 
0.9900881460475177 -0.04678439408118985 -0.1324261393902017 -27.154468136145127 0.05187697131473079 0.9980305057773697 0.03526882758108764 1.697473622995193 0.13051530078718837 -0.0417891100271133 0.9905652057600531 203.3936926893612 
0.9901460489888869 -0.04702951653841399 -0.13190536423109028 -27.235073768758873 0.05212770435117628 0.9980104734185166 0.03546545088938508 1.7112738581800948 0.1299750166151802 -0.04199189476058477 0.9906276677654726 204.00430760132147 
0.9902258762416579 -0.04688450192616089 -0.13135660004499955 -27.3223188793152 0.0519164513111707 0.9980327648765333 0.03514659485625075 1.7263498661054366 0.12945036473693708 -0.041622631120629326 0.9907119460062204 204.65972842679358 
0.9902663698819009 -0.04718861401407626 -0.13094178195269435 -27.39764838383186 0.0522169160573869 0.9980139673361952 0.0352351458084614 1.7408172915562274 0.1290190341889297 -0.041729550859162856 0.990763712349536 205.2411003401691 
0.9903229805157007 -0.047355780266533504 -0.13045237909493368 -27.473139242474655 0.05239048967069465 0.9979978072883098 0.035434644993684455 1.753291633040162 0.12851315759877738 -0.04192620213252913 0.9908211555063878 205.80788662919005 
0.9903903040702188 -0.04760748969326054 -0.12984826299533156 -27.556834225439307 0.0526159088452554 0.9979866279970188 0.03541549528336446 1.7663730188338262 0.127900791857724 -0.041907242385214497 0.9909011912259955 206.41256797414445 
0.9904340500590996 -0.04757610464992421 -0.1295256948540542 -27.629067473083897 0.052575219549153666 0.9979874821777914 0.03545183402670716 1.7781499393531095 0.12757836645369688 -0.04192254027364113 0.9909421079570632 206.94778801679354 
0.9905065800885163 -0.04744873106451893 -0.12901678807906566 -27.701071562577056 0.05240654954979383 0.998001508898446 0.035306410552129214 1.7873103855460943 0.12708370931414711 -0.04173255156379705 0.9910136857062302 207.46828844147743 
0.9905858131663354 -0.047309057315944036 -0.12845854872913726 -27.773983304298223 0.05228356446555958 0.9979964311070458 0.03563079019217337 1.7999916493358903 0.12651551857719862 -0.04201162095475936 0.9910745923221028 208.02459795140308 
0.9906324976460472 -0.0472212647569834 -0.12813042440812297 -27.84488248818716 0.052221155362791455 0.9979884191179804 0.03594533440534419 1.8071714394614613 0.12617530002585453 -0.0422997300331051 0.9911057091850843 208.51414596178753 
0.9906833046292193 -0.046832698050481875 -0.12787997196070439 -27.909874898176323 0.05183062530729129 0.9980054636369993 0.03603722589293964 1.8154431263116964 0.1259371946615487 -0.04232957177807667 0.9911347187079712 208.98929987333088 
0.990753754864219 -0.046647704366242895 -0.12740089408622224 -27.978543127393834 0.05161980699333342 0.9980174918477988 0.03600669807503441 1.8229283344402916 0.12546869542508177 -0.04225017572168168 0.9911975228939938 209.49513989506778 
0.9908084760799301 -0.0469243095238758 -0.12687265984928833 -28.035361215364276 0.0518733464998683 0.9980050334551782 0.03598763594114478 1.8307383500568504 0.12493086260698237 -0.0422381590132433 0.9912659672148986 209.93965461195745 
0.9908073307478328 -0.04745666823486889 -0.12668345148840035 -28.100593699304124 0.052439016431023534 0.9979646551409258 0.03628632633745578 1.8388923566728077 0.12470358325454484 -0.0425959085379115 0.9912792770762554 210.40954882396045 
0.9908161101069494 -0.04758696898937749 -0.12656585336499523 -28.15997714927799 0.05257086863636625 0.997956067487905 0.03633169376603615 1.8450048237438308 0.12457825054143087 -0.042651699138651356 0.9912926370716848 210.8197988803223 
0.9908631214662826 -0.04682781140332974 -0.12648094526791653 -28.218540409368607 0.051817627748456205 0.9979910903418985 0.036451582611655646 1.8503455815727299 0.12451991306090196 -0.04267246626236377 0.9912990730014892 211.21396624033517 
0.9908592752096467 -0.04622785498256673 -0.1267315315252655 -28.27972917807711 0.051168433432050735 0.998040665390953 0.03600864411795465 1.8554170619351198 0.12481862410462488 -0.04216414779811126 0.9912832571893626 211.63115857217565 
0.9907961996151411 -0.04632044822780998 -0.12719003823592007 -28.331023911177393 0.0512515835114248 0.9980448695592969 0.0357730951818911 1.860531386650964 0.12528434376810146 -0.04196253249458727 0.9912330600549978 211.99907907572245 
0.990693073223332 -0.04685231284285631 -0.12779708273412146 -28.381408536310857 0.05182131976004406 0.9980131776473689 0.035836418317552715 1.8628568245578805 0.12586415802308074 -0.042125499738479066 0.9911526906954617 212.35506880449765 
0.9905827910325522 -0.04696227262063785 -0.12860901196273714 -28.434839233573395 0.05195997336836301 0.9980079096025902 0.035782319069538895 1.863748608380647 0.1266723966629631 -0.04212786518104214 0.9910496189301593 212.73133332494126 
