1.0000000000000002 7.745623704588159e-18 -8.962382278966638e-17 5.551115123125783e-17 5.859609406418027e-18 1.0 -1.0856658497662947e-18 0.0 -8.939768767534645e-17 -2.268037292763138e-18 1.0 0.0 
0.9999999971014844 -5.948102654717854e-05 4.752328958359915e-05 0.0015951954458244266 5.946869236401444e-05 0.9999999645554947 0.00025952367978238213 -0.008836911696444738 -4.753871767850271e-05 -0.0002595208032876721 0.999999965194771 0.37812740651442334 
0.9999999541131093 0.00027995442544259506 -0.00011576642742831537 0.0017607172808768445 -0.00027988898448389745 0.9999998012316575 0.0005649738417691856 -0.015458081305124494 0.0001159245491144156 -0.0005649413049107973 0.9999998337017937 0.7193997675100574 
0.9999999630353978 0.0002706354862543495 2.622832705090785e-05 0.002728042838994471 -0.0002706417317883909 0.9999999350145179 0.0002381622786203719 -0.02239888527338918 -2.6163867037262804e-05 -0.0002381693224830895 0.9999999712956397 1.0579706997448233 
0.9999999856407219 0.00015255941329939127 7.379289822472744e-05 0.004297478169812352 -0.000152568231362968 0.9999999812258121 0.00011945621423222384 -0.029371248934205174 -7.377466087826809e-05 -0.00011946744823748275 0.999999990142571 1.427945123098785 
0.999999935037629 -7.611008484215019e-05 0.0003523221169301639 0.0059237470940340375 7.594733006293426e-05 0.9999998904205094 0.0004619424566774549 -0.03550553371301002 -0.00035235717929369987 -0.00046191558160194724 0.9999998312398215 1.761690761117318 
0.999999860738535 -0.00026028443633251835 0.00045909921356442843 0.008945264671841313 0.0002601687923873956 0.9999999344183731 0.00025194690760378105 -0.043420509956417996 -0.00045916468472428804 -0.00025182738301923833 0.9999998628758916 2.0925734775748763 
0.9999999593422668 -8.39969502177259e-05 0.00027250484870849646 0.010680717596359912 8.402496160643494e-05 0.9999999911889161 -0.00010277588507598333 -0.051968319446011435 -0.00027249616697281464 0.00010279875713599115 0.9999999575892144 2.452584208384984 
0.9999999770151513 0.00020111390186826892 -7.432850647760094e-05 0.012094234668116155 -0.00020109896306520718 0.9999999595779382 0.0002010006156747093 -0.05949852335908856 7.436891390376e-05 -0.00020098562461252862 0.9999999770371469 2.7771659985990143 
0.9999997004189238 0.0006019167529486495 -0.00048668692354484976 0.012080388677050913 -0.0006018210806575251 0.9999997995516473 0.0001967296155547442 -0.0671354474245015 0.0004868051573540642 -0.00019643661793654883 0.9999998622165049 3.130287846641602 
0.9999996240448036 0.0005606896519946031 -0.0006614704556688093 0.01272837302371782 -0.000560574466604504 0.9999998276806009 0.00017432704283840443 -0.0737955618138697 0.0006615679722268912 -0.0001739561372146208 0.9999997660331733 3.447847609816291 
0.9999994234966975 0.0004550362821097198 -0.0009726014920617897 0.013837413308291968 -0.0004547400753161663 0.999999850163932 0.00030476079699028394 -0.08142778773012893 0.0009727398577801798 -0.0003043182774822161 0.9999994805831562 3.762450992945383 
0.9999990037002768 0.0002460050586065727 -0.001389994360199981 0.014462792394341006 -0.0002452075276617314 0.9999998052484395 0.0005739105115537705 -0.08897465120396575 0.0013901350372525706 -0.0005735689863913789 0.9999988692703191 4.105161284484427 
0.999998288483215 0.00019400899097596894 -0.0018399445448527756 0.014841394434473243 -0.00019329910245350707 0.9999999068215057 0.0003859923698083772 -0.09543446706963854 0.0018400189472477675 -0.00038563596744580815 0.9999982328048018 4.412776711358313 
0.9999972420872458 -3.833106448207237e-05 -0.0023482658433372767 0.015494399413296556 3.800468134382864e-05 0.9999999896127726 -0.00013903481406526993 -0.10236807742998355 0.002348270752891164 0.0001389451689063502 0.9999972331533183 4.716836512490292 
0.9999958145967852 0.00031785825177021716 -0.002875719585753935 0.014587437386443303 -0.00031821287159678754 0.9999999418221298 -0.00012285681493616794 -0.1093820284785314 0.0028756798826576157 0.00012377138052718727 0.9999958575615577 5.04813505537438 
0.9999948314323761 0.000866984808965233 -0.0030960392760327436 0.013123178856901896 -0.0008670355941617198 0.9999996240075317 -1.505547416388813e-05 -0.11514184028655439 0.003096024536225754 1.773978309954708e-05 0.9999952071442413 5.345980242092795 
0.9999938385985014 0.0010982290427477735 -0.0033341676462172614 0.011967817026406091 -0.0010979420608220665 0.9999993933926512 8.790902599862978e-05 -0.12097009023767269 0.003334261604254753 -8.42477301917167e-05 0.9999944377823058 5.640500494806133 
0.9999926636055806 0.001216275087383757 -0.003632275813845338 0.0114889032551449 -0.0012163127696922082 0.9999992602528683 -8.158377701090145e-06 -0.12792640166384373 0.003632262590421892 1.2576315338917643e-05 0.9999934032297685 5.961594784686392 
0.9999923707622539 0.001054326083175641 -0.0037612272481357682 0.011818890941030502 -0.0010550532159746616 0.9999994251215837 -0.0001913387684258505 -0.13382303094796721 0.003761022718021965 0.00019530558294631554 0.9999929082528131 6.2501898808673975 
0.9999919307664077 0.001044411792212667 -0.003879126567293421 0.011371831169804225 -0.0010456998224620238 0.999999398794113 -0.00033002264734618265 -0.13945237075588268 0.003878778901928978 0.0003340763395135397 0.9999924217006502 6.56467914866511 
0.9999909884639053 0.0011481202130117683 -0.00408715417568354 0.010135680896657118 -0.0011496269495934394 0.9999992720804106 -0.00036631593229324 -0.14461502187272068 0.0040867299371655725 0.00037101128091843514 0.9999915804545134 6.847035017141421 
0.9999912274648163 0.000995755594086587 -0.0040685969511424416 0.009494593145454533 -0.0009976472396517897 0.9999993951937336 -0.00046293031498809964 -0.1503242347861231 0.004068132839992335 0.00046698520692383945 0.9999916160702274 7.126456314870492 
0.9999913849862322 0.0009889960112515733 -0.004031359198929455 0.008608593201458237 -0.0009916963775133177 0.9999992852256735 -0.0006678916271142166 -0.1576472171373393 0.004030695097475689 0.0006718836465078076 0.9999916509950594 7.4295587448256715 
0.9999909596025152 0.0011322964591444352 -0.004098613932039235 0.007471596025780902 -0.0011336325056818014 0.9999993050555708 -0.0003236612554168082 -0.16401531511062772 0.004098243912453747 0.0003283046067191913 0.9999915482662016 7.702636231719955 
0.9999905552121979 0.001484770270715743 -0.004084723345499344 0.005941884216513371 -0.001484054290610725 0.9999988828860946 0.0001783154758492617 -0.16966595346520674 0.004084982848902079 -0.0001722517888280553 0.9999916415832169 7.973054689197937 
0.9999893771831381 0.001994798663338709 -0.0041552767512246435 0.003930650669404678 -0.001994447881611181 0.9999980071558429 8.857079967864691e-05 -0.17569568287080373 0.004155444448356438 -8.02823412391999e-05 0.9999913628765402 8.26659501661015 
0.9999887995654644 0.002234648399325836 -0.0041721838340941925 0.002308874719146814 -0.002235914925102728 0.9999974556552179 -0.00029891302315890106 -0.18067735144961095 0.004171504548892394 0.0003082382835823912 0.9999912517265888 8.530617574663875 
0.9999886521588841 0.0025083988165827357 -0.004050125752931536 0.0002192677933257614 -0.002507972864910907 0.9999968489417629 0.00011025902634443677 -0.1852290957853271 0.0040503888785677145 -0.00010010013129338532 0.9999917921271749 8.792041120964635 
0.9999898311659862 0.0021931119916783186 -0.003940539457673346 0.00018069982316920585 -0.0021910815544993645 0.9999974646150372 0.000519524320523415 -0.19141110396507588 0.003941668172970142 -0.0005108848776798172 0.9999921010895303 9.077304565271987 
0.9999907613223886 0.0020360962594899654 -0.0037857108901771276 -0.0008114237647237621 -0.0020358992339334953 0.9999979259833356 5.590919434112748e-05 -0.19624720475466306 0.0037858162345275658 -4.820132498096062e-05 0.9999928326065732 9.332815670105342 
0.999992250364921 0.0018188275724197417 -0.0034915754034761733 -0.0016542410196498936 -0.0018186441380007242 0.9999983447050911 5.5721863474366306e-05 -0.20138486078819573 0.003491670381626267 -4.937147276793725e-05 0.9999939028782227 9.61128680924886 
0.9999922291728203 0.001958905758551514 -0.0034211556017002876 -0.0025241951124856388 -0.0019581779782517077 0.9999980594140734 0.00021607863167196124 -0.20620909448413116 0.003421571660613996 -0.00020937766473698056 0.9999941244837566 9.862237970528462 
0.9999921732840287 0.0023259102559186704 -0.0032005527932806137 -0.0036360637489516456 -0.002325239933241406 0.9999972738970009 0.0002131609476996875 -0.21095132893343094 0.0032010393186402094 -0.00020571717131910485 0.9999948554977374 10.111635170364096 
0.9999912376110853 0.002746326633685268 -0.0031594968826456687 -0.0043974144633705525 -0.0027491851366739923 0.9999958153159509 -0.0009007274827156744 -0.21714627841556544 0.00315700943827043 0.0009094054728723118 0.99999460311808 10.387491107108303 
0.9999911140197243 0.002694752734631338 -0.003241946720263889 -0.004622976876371254 -0.002700334849537923 0.9999948771438758 -0.001718679239354746 -0.22196931711448964 0.0032372981556723244 0.0017274179929399258 0.9999932679362699 10.641911431120855 
0.9999915964529827 0.0024255895647813256 -0.0033050818143273686 -0.0045972646397073325 -0.0024331523437123026 0.9999944266990278 -0.002286115679263594 -0.22695128809304854 0.003299517666975029 0.0022941378106180097 0.9999919250191005 10.900670542527019 
0.999990830095616 0.002344518190990976 -0.0035837112433165083 -0.0052983222670662244 -0.0023535669598910617 0.99999404800164 -0.0025228296657601205 -0.23244743430779513 0.0035777744983905083 0.002531240566907826 0.9999903961228958 11.19143817655389 
0.9999901511772524 0.002449300808144171 -0.003701148792686243 -0.00625301260002914 -0.002459207274852762 0.9999933999063166 -0.0026744024708713373 -0.23722115781980846 0.0036945733348467324 0.002683477525407986 0.999989574477012 11.461334842321502 
0.9999883946039912 0.002414702404516405 -0.004168920596884178 -0.007119186430620872 -0.002427597894190194 0.9999922763669375 -0.0030909483341075936 -0.24176916086076605 0.004161423986607861 0.0031010323493005734 0.999986532975715 11.73805030874131 
0.9999854634391768 0.002335831494344123 -0.004859715240154364 -0.008117850040042951 -0.0023529673387396957 0.9999910246690099 -0.003523366963022846 -0.2477199881914649 0.0048514408259545064 0.0035347498402505204 0.9999819843608181 12.050650098269795 
0.9999815522994012 0.002227222196708391 -0.005651068429174465 -0.009372882423262563 -0.002248630351328373 0.9999903093893362 -0.0037848090197508447 -0.2528479658775744 0.0056425831188794484 0.0037974456592234328 0.9999768700523203 12.343853359818224 
0.9999753729333586 0.0024115383323305866 -0.006590754637587432 -0.011745438678183395 -0.0024367399330083423 0.999989740914985 -0.0038184227300828693 -0.25895690295288887 0.006581477654004657 0.0038343879421262653 0.9999709903767726 12.676924414747035 
0.999968879820216 0.002835183437484855 -0.007362144353714211 -0.015241849339773073 -0.0028664719859506824 0.9999868906973183 -0.004242847924148104 -0.26433515054106427 0.007350017365128726 0.004263818481212523 0.9999638978815892 12.990717231320739 
0.9999635606781524 0.0029625566381298383 -0.008006286354111434 -0.018288314136446493 -0.0030007504958454224 0.9999841560450042 -0.004762682307640228 -0.2701308405360032 0.007992048456787868 0.00478653274364739 0.9999566071741669 13.315209780052928 
0.9999568887878661 0.002672411172953435 -0.00889262799480325 -0.02165226168161799 -0.00271909944772164 0.9999825623651749 -0.005242275773155059 -0.2761956347835888 0.008878461934881461 0.005266228740827732 0.9999467184348231 13.685664784026239 
0.9999509917023988 0.0027548255958734164 -0.00950921559497875 -0.02524385574204807 -0.0028081344707176215 0.999980392527158 -0.005597225576792233 -0.28167715867919463 0.00949360818354486 0.005623653385126218 0.9999391210879912 14.035629138220084 
0.9999433374607548 0.003014670355573742 -0.010209490090114733 -0.029537192430054426 -0.0030744485217420923 0.9999781943879081 -0.005844527855376643 -0.2872873105418925 0.01019164644472217 0.005875584158833726 0.9999308015084177 14.398135815319886 
0.9999378698746789 0.0028718141562499512 -0.010770753590135056 -0.0339544385572344 -0.002934985103130641 0.9999785590527246 -0.00585382689909342 -0.29368834775009334 0.010753709761048329 0.005885074119461563 0.999924858965884 14.812638138640988 
0.9999363883291996 0.002614510981439877 -0.010971949930405074 -0.03762416000177088 -0.002682158811835769 0.9999774586335822 -0.006155342743735782 -0.3001981182628102 0.010955607572959004 0.0061843785655313534 0.999920860904108 15.201984418973993 
0.9999359701701481 0.0028571518673813235 -0.010949534365765928 -0.04207001499550145 -0.0029261485689092647 0.9999759333306315 -0.006290501414608839 -0.3067025232363485 0.010931296110047131 0.0063221374340371814 0.9999202654661632 15.604925002250539 
0.9999329351619557 0.003380567913858014 -0.011076867959517815 -0.04741062981794314 -0.003449621904626569 0.9999746999139314 -0.006220902667873196 -0.31408391740876374 0.01105555568911672 0.006258695318318458 0.9999192984272564 16.063146962373573 
0.999929768322136 0.0032661764299515518 -0.011392566885949678 -0.05111229138641449 -0.0033381203525263766 0.9999745724685004 -0.006301694968610955 -0.3224255802818565 0.011371692859917489 0.00633928098312366 0.9999152454393866 16.493396913203977 
0.9999310588640526 0.0031061614886153874 -0.01132383961344135 -0.055212715630594544 -0.003182141553028757 0.9999725056179241 -0.006697908396809067 -0.3323429009854355 0.011302721606216823 0.00673347945359263 0.9999134505953134 16.981267943593316 
0.9999346677182867 0.002902581572088715 -0.011056010853862087 -0.05917337189067989 -0.002981277127307311 0.9999702931768697 -0.007108076218239209 -0.34113027363359394 0.011035048810799633 0.007140571541829356 0.9999136162079542 17.438910132652232 
0.999934200363749 0.002845884733902958 -0.011112872871821163 -0.06389365529861202 -0.0029234282119751 0.9999714512253388 -0.006967804439453464 -0.348513407344875 0.011092724201295033 0.006999832351913464 0.9999139731794123 17.9105275444413 
0.9999286378710122 0.0033851055423942946 -0.011456888439462725 -0.07008825610759828 -0.003469209485866453 0.9999671245811776 -0.0073290065049158425 -0.35725343106368257 0.01143170042950062 0.007368228473930287 0.9999075084094866 18.443395181141994 
0.9999275297469634 0.003771553696525635 -0.011432878325823473 -0.07582853553659108 -0.0038582445312519277 0.9999639035917375 -0.007570036625279927 -0.36618865039368775 0.011403912946337077 0.007613597452580036 0.9999059875016165 18.941856149168416 
0.9999307635496938 0.003467793150625095 -0.011244669137382137 -0.08133659392532389 -0.0035566713766281666 0.9999625191921748 -0.007893687062462216 -0.3751170837010256 0.011216872143336562 0.007933132651564107 0.9999056191078004 19.452295707219495 
0.9999301561947639 0.0033785913686245135 -0.01132554275798693 -0.08740943568142753 -0.00346589886681818 0.9999643623409891 -0.007698154891585692 -0.3854776952391046 0.011299128347015908 0.007736868974063767 0.9999062308513142 20.029454303059662 
0.9999270745885966 0.0032595158798883503 -0.011628461961458279 -0.09316520540936438 -0.0033428630597434877 0.9999688130629858 -0.007155289106172548 -0.394962034341956 0.011604774597638439 0.007193638330361189 0.9999067860121843 20.56742920362242 
0.9999277054292091 0.003409191341998393 -0.01153088881610026 -0.10009552223883456 -0.003488157201871749 0.9999705571015309 -0.006835033354136195 -0.4042923896433337 0.01150724546248144 0.006874759502781228 0.9999101564263982 21.117955298295378 
0.999929956891868 0.003484350934563796 -0.011311086406467328 -0.10799780239024123 -0.0035621836763600565 0.9999700684790715 -0.006868259204666767 -0.41436775343957044 0.011286814546024568 0.006908069022088729 0.9999124393374662 21.736457140696377 
0.9999255798366138 0.004035393072491567 -0.01151305623072272 -0.11457901312522639 -0.004098952062465585 0.9999764610820729 -0.005502349918790431 -0.4242821990642638 0.01149057916335294 0.005549130885111809 0.999918583527397 22.312109024841075 
0.9999268119122553 0.003576520858033352 -0.011557654888377187 -0.12117280506883088 -0.003613140004374751 0.9999885142501629 -0.0031490576176376696 -0.4358993427934803 0.01154625753296 0.0031905860087591198 0.9999282494519856 22.95392102438107 
0.9999287454654981 0.003254963085326111 -0.011485176227705406 -0.12710713620887443 -0.003265698744080007 0.9999942479525676 -0.000916104516494234 -0.4463966257458538 0.011482126342726046 0.0009535462339855576 0.9999336235392643 23.53967779720324 
0.9999248593939851 0.0031787463189769795 -0.011839392081989239 -0.13334116547653768 -0.003168456019286499 0.9999945863030738 0.0008878189908748122 -0.455898897497379 0.011842148134759924 -0.0008502394700932842 0.999929517806992 24.124126377098428 
0.999920227001078 0.0034037393661240077 -0.012163645145160865 -0.14070848837169822 -0.003376445505229451 0.9999917375296854 0.00226372619346096 -0.46586703515791417 0.012171247712079489 -0.0022224752427343545 0.9999234577176307 24.765008299659634 
0.9999195211281003 0.003510664838729908 -0.012191249778962424 -0.14757576567761727 -0.003480299372646755 0.9999907909169474 0.0025110883396087325 -0.47482906261972535 0.012199951026997053 -0.002468456522135884 0.9999225309384877 25.34465415314581 
0.9999149860714418 0.003597376921531789 -0.01253313941103591 -0.15442618250560486 -0.003564723249043074 0.9999901963776773 0.0026267590223864796 -0.4842776092068515 0.012542463853553438 -0.002581857985568771 0.9999180069231135 25.9225399334047 
0.9999092083625613 0.0035192444236787977 -0.01300730667529676 -0.16128439610043704 -0.003484833857447995 0.9999903709126776 0.002667204870764345 -0.49530254551020625 0.013016565763014123 -0.00262163384627094 0.99991184411842 26.55635236879333 
0.999908352023733 0.003251514503032642 -0.013142118613030853 -0.16735428996068977 -0.003215325100743935 0.9999909835438732 0.002773893393310511 -0.5046846855796994 0.013151017239730866 -0.002731382404369433 0.9999097910569726 27.13075858484253 
0.999905382776219 0.003593551886961277 -0.013278251341434292 -0.1743335826248451 -0.003552576844149766 0.9999888591216083 0.0031081821806508685 -0.5136228791110253 0.013289270566393356 -0.0030607154373862946 0.999907009308406 27.703680021576847 
0.9998968804262267 0.004135451913941232 -0.013752332073653959 -0.18279716095987844 -0.0040872764287013495 0.9999854188130541 0.00352934753135179 -0.523335640990505 0.01376672465495917 -0.003472773274802039 0.9998992034653489 28.331026470950167 
0.9998952743581236 0.003951652372258916 -0.013922099173488696 -0.18921109434630887 -0.0039074208708309325 0.999987236814457 0.0032028476894136065 -0.5330189282075755 0.013934575656698778 -0.00314811210099751 0.9998979532646803 28.89855969548014 
0.999893813012668 0.0037698721302993053 -0.014076606412561952 -0.19648297078804064 -0.003722950463530527 0.9999874315323363 0.003358032410752818 -0.5435515949274818 0.014089086450295826 -0.003305268625057071 0.9998952809133883 29.51967909074139 
0.999885681107785 0.004157450429490409 -0.014537551811203758 -0.20336560574084966 -0.004103653334875191 0.9999846292386494 0.0037284416116455856 -0.5530140965877828 0.01455282669533903 -0.0036683575373836863 0.9998873728255271 30.08188135675119 
0.9998812384898879 0.004316773222131455 -0.014794407016194097 -0.21044197343006343 -0.004262905450238997 0.9999841766526786 0.0036707003658170297 -0.5617496577367458 0.014810015983137805 -0.003607196510147828 0.9998838190040104 30.640395418260972 
0.9998791796594961 0.004441148801728153 -0.014896388037262412 -0.21821867444214413 -0.004391745459505443 0.9999847531173356 0.0033475458970694204 -0.5716551104499312 0.014911025330416024 -0.003281719603446243 0.9998834389994691 31.251096579330188 
0.9998732795232788 0.004689624079728186 -0.015212903117792614 -0.22516688617998185 -0.004634888976704969 0.9999826658846435 0.0036312106937060403 -0.5813200565905126 0.015229665840712746 -0.003560239675496808 0.9998776834769489 31.80326406005277 
0.9998658394914831 0.004737885913529282 -0.01567978183727534 -0.23210103755823194 -0.004678859390951212 0.9999818375542893 0.003799051540025704 -0.5903320766583486 0.015697493859247527 -0.0037251775766217613 0.9998698473695976 32.352343369934395 
0.999866380631218 0.004290737176137859 -0.015773730002270624 -0.23986196865745285 -0.0042463666345352235 0.9999869360359931 0.0028453625653444693 -0.6001048732865044 0.015785729959728094 -0.0027780007246181178 0.9998715384392964 32.95155606596828 
0.9998631900773247 0.004376573952063703 -0.01595138962686509 -0.24651484470679447 -0.004342969944990536 0.999988277943011 0.002140688857563938 -0.6094865424266434 0.01596056882228222 -0.002071119114904997 0.9998704769349552 33.49401820828226 
0.9998546914729276 0.004346885038022004 -0.01648334418831636 -0.2543429367614355 -0.004314606185502248 0.9999887053143236 0.0019933333361171804 -0.6194626421649001 0.0164918200114718 -0.0019219241059241473 0.9998621535063277 34.08752651507995 
0.9998533125428481 0.0039198361983623425 -0.016672983673675423 -0.26113299005670915 -0.003897134033934796 0.9999914346518821 0.0013938916483154573 -0.6287362386629816 0.016678301868673407 -0.001328710000115869 0.9998600245576714 34.623997382586886 
0.9998520768806961 0.004232004792075982 -0.01667077078979907 -0.26917557440962336 -0.004216584484945805 0.9999906493099109 0.0009600368004554188 -0.6382662390591192 0.01667467496710493 -0.0008896008298272675 0.9998605721582104 35.15804882264347 
0.9998498637193302 0.00452457347248901 -0.016726576580728177 -0.27820420267454454 -0.00450669095691758 0.9999892324502917 0.0011066526515424008 -0.6485870981809261 0.01673140077745388 -0.001031104718266729 0.9998594886194297 35.74433453323722 
0.9998473369579874 0.0047647578841403665 -0.016810710030201938 -0.2870850632569221 -0.004743900781540487 0.9999879279370683 0.0012803684159570633 -0.6569154227558025 0.016816604890185508 -0.0012004243043741308 0.9998578702557116 36.27537031906111 
0.9998554445510012 0.004360431019354258 -0.016434011938794436 -0.29383082065718097 -0.004345496214229073 0.9999901123367322 0.0009443796888909757 -0.6661683507902085 0.016437964567361654 -0.0008728289956242793 0.999864506532507 36.80470707466269 
0.9998571558350436 0.004296887792671167 -0.01634639975569071 -0.3021586229090651 -0.004289568651933451 0.9999906831935796 0.00048279350089259175 -0.6759123386955022 0.01634831920614938 -0.00041260538013608924 0.9998662721329138 37.38473140098676 
0.9998563104593946 0.004397437503090087 -0.01637134946086468 -0.3103537887804533 -0.004390722377074383 0.9999902612085658 0.0004461019936285739 -0.6845120172988073 0.01637314896243055 -0.00037415569766739666 0.9998658809727307 37.910399233942215 
0.9998594199029708 0.004609585382791371 -0.01612117424995038 -0.31828939818361385 -0.004602526437476023 0.9999892955101124 0.0004749481198430503 -0.6931284870287213 0.01612318826985177 -0.00040068307138957837 0.999869932635067 38.434397242991686 
0.9998654596682451 0.004443549300073589 -0.01578979207245725 -0.3266703829723359 -0.004437013767383093 0.999990055620025 0.00044892254518311635 -0.7023159821899414 0.015791627193325507 -0.0003788024784184686 0.9998752326945801 39.00853129291564 
0.9998625369582491 0.004927404472846987 -0.01583123427225213 -0.3346089209364934 -0.004913734300356071 0.9999875204515096 0.0009022822969498879 -0.7107034881590419 0.01583547993678003 -0.0008243675577638907 0.9998742710613261 39.5290386160774 
0.9998636541748815 0.00498371971471924 -0.015742798472478576 -0.34294278040383186 -0.004963909260254667 0.9999868383118884 0.0012972138465810427 -0.7205633508684295 0.015749053555090084 -0.001218890848479975 0.9998752329943058 40.098744905507395 
0.9998693113545839 0.004676360293338484 -0.015475528011881276 -0.35021798902727513 -0.00465987676774107 0.9999885365550459 0.0011010293943796573 -0.7301337291085945 0.01548049679973678 -0.001028771181479476 0.999879640651034 40.61423038283889 
0.9998734300191746 0.004448046718021836 -0.015275435194449155 -0.3577355497384075 -0.004429817462955524 0.9999894355119954 0.00122700534788156 -0.7390329987221 0.01528072900832398 -0.0011591823648232956 0.9998825708844247 41.127756516464466 
0.9998737393242014 0.004363337499638593 -0.015279620195307726 -0.3651059228190831 -0.004345891903275047 0.9999898664873219 0.0011747797600650998 -0.748549745826474 0.015284588733223593 -0.0011082275722775633 0.99988256966508 41.69052972617367 
0.9998733736742997 0.004656352044467744 -0.015216934726685685 -0.3736323591112693 -0.0046439416493343575 0.9999888548859356 0.0008508049612560238 -0.757098633570696 0.015220724205104553 -0.000780030451491541 0.999883853779175 42.198952767905396 
0.9998774182511422 0.004675499040802013 -0.014942833673722317 -0.38107753303690545 -0.004663702649420964 0.9999887852105084 0.0008241904464990126 -0.7657259537224981 0.014946517066439133 -0.0007544002703837585 0.9998880099544557 42.70622479841941 
0.9998786875273934 0.00474545336659291 -0.014835464225732408 -0.388985045958709 -0.00472778633265603 0.9999880727354147 0.0012257166423289586 -0.7755993743524054 0.01484110134819858 -0.001155428753582988 0.9998891971809849 43.2609979580105 
0.9998759658519556 0.004673362095757279 -0.015040368911759458 -0.3958451003095759 -0.004651450534689647 0.9999880696123403 0.001491509032091462 -0.7851317289216879 0.015047157288085354 -0.0014213641610879813 0.9998857748385686 43.762792510703534 
0.9998785805825058 0.003913920045805989 -0.01508328262463378 -0.40222644159618026 -0.0038894760047464157 0.9999910753329428 0.0016496046079610748 -0.796597710588411 0.015089601876685317 -0.0015907378749645614 0.9998848800792929 44.31169188848222 
0.9998762482487469 0.003854250209442751 -0.015252312495952694 -0.4091131611032801 -0.0038238541050396972 0.9999906456722133 0.0020215520000523768 -0.806484939401025 0.015259958802555564 -0.001962978766397865 0.9998816331516104 44.808231300388165 
0.9998698596160076 0.004169153488738976 -0.015584674800518934 -0.4176599400964818 -0.00413196221925092 0.9999885403733173 0.0024178444807552786 -0.8143832650309097 0.015594573926842475 -0.0023531340121797383 0.9998756282481858 45.30183292438763 
0.9998601278155886 0.004473201821738495 -0.016115687207689446 -0.4271088643201991 -0.004437623125425215 0.9999876385866379 0.002242796063421002 -0.8234271479645496 0.01612551774154365 -0.0021709665229972678 0.9998676184968381 45.84120116654273 
0.9998554597131211 0.0042354665500681085 -0.016465740478131072 -0.4346567410383649 -0.004203545527924691 0.9999892191245988 0.0019727648276001686 -0.8323585993249971 0.016473915752165554 -0.001903264754522938 0.9998624843532449 46.32872178063572 
0.999847131160994 0.0038903759536943966 -0.017046389347081786 -0.44247900323163064 -0.003845492303593669 0.9999890548440333 0.0026650225058598427 -0.8420190442968263 0.0170565678199274 -0.0025990627726922137 0.9998511480702158 46.814472598684894 
0.9998295089487075 0.003996687133331612 -0.018027191714318463 -0.45227452035305354 -0.0039384222990219465 0.9999869096164404 0.003266402953702568 -0.8523027538523658 0.018040007462384093 -0.0031948466734278403 0.9998321614196208 47.34544492357833 
0.9998136013367853 0.004226349178676038 -0.01883880772381435 -0.46293864196576895 -0.0041652409680309355 0.999985940145741 0.003281804275695709 -0.8601588316662849 0.01885240970673976 -0.0032027236789064955 0.999817147845861 47.82531727512695 
0.9998023010262165 0.003906323238670442 -0.01949614386912729 -0.47255759725771784 -0.003848679840617925 0.9999881138011064 0.002993306467294015 -0.8681462690042367 0.019507601650720113 -0.0029176796307936186 0.9998054513431425 48.30185915890348 
0.9997855609139127 0.003814024031064451 -0.02035400548405274 -0.4838276186981648 -0.0037527037998664418 0.9999883071617424 0.0030500357983940006 -0.8766003776935731 0.020365396946993696 -0.0029729985365161025 0.9997881834628796 48.82316095591636 
0.9997653590402173 0.004273283499926471 -0.021235961317986597 -0.49509548528906433 -0.004200460091137245 0.9999851481937891 0.0034726772474169706 -0.8842412726388609 0.021250482057756353 -0.0033826608630067633 0.9997684604525282 49.295357447761006 
0.9997418431650646 0.004417378109390761 -0.02228752897321951 -0.5075967287973884 -0.004338399680647955 0.9999841423320545 0.003590728592351071 -0.8935317047023896 0.022303033370523914 -0.003493108642715001 0.9997451539182985 49.8115507326452 
0.9997262192637898 0.004228302749722569 -0.02301321640959959 -0.5188193449676987 -0.004152186356812135 0.9999857539169369 0.0033542916528495107 -0.9013813068925018 0.023027067620753443 -0.0032578174214718874 0.9997295337562302 50.27753357333771 
0.9997082406473581 0.004168174301450006 -0.023792016909148596 -0.5296581790817025 -0.004087903928996981 0.9999857911355814 0.0034214806412039616 -0.9096734706285623 0.023805936146435464 -0.0033232221692057104 0.999711074997868 50.74131556663185 
0.9996785553851218 0.004557516384334177 -0.024940231067097723 -0.5427318384470521 -0.004471444994748161 0.9999838576522291 0.0035057913135551158 -0.9194472128488174 0.024955801947141067 -0.0033931447621628583 0.999682796881857 51.24835450806488 
0.9996563935512401 0.004643850928075344 -0.025797861696214692 -0.5548628275640137 -0.004554667917598164 0.9999834508475217 0.0035146818704280673 -0.9282260932092874 0.025813752049927762 -0.003395972743472596 0.9996610012546313 51.70621782577383 
0.9996417570497887 0.00438861887928259 -0.026402609306002474 -0.5666498729827735 -0.004303948155953638 0.9999854146802422 0.003262884718893698 -0.9367806521032906 0.026416539300406036 -0.0031480796303993987 0.9996460653126065 52.160983726414294 
0.9996189853486064 0.004619402002651758 -0.027212964880306802 -0.5805547335080098 -0.004525711529783239 0.9999836217288054 0.003503450719771142 -0.945043115601353 0.02722869841552041 -0.0033789570553801346 0.9996235193673382 52.65710034773503 
0.9995908141761612 0.004978464777703271 -0.02816769990918224 -0.5938389112990594 -0.004883573579367355 0.999982170097785 0.003436589924829974 -0.9532117962826736 0.028184301851867394 -0.0032976239277082444 0.9995973042359537 53.10439363479077 
0.9995648467503792 0.005122505081670613 -0.02904956640981901 -0.6067590096862939 -0.005020860988681519 0.9999810197668242 0.0035708562725294815 -0.9617724791532292 0.0290673018502177 -0.0034234477818398993 0.9995715941286701 53.54830151523626 
0.9995455253456926 0.005260071058478112 -0.029682901613362768 -0.6210099136316451 -0.0051518945819312096 0.9999798106399198 0.0037197106202082678 -0.9718173324242148 0.029701863247547967 -0.003565096109718145 0.9995524444583668 54.032839697719794 
0.9995273503810518 0.0054862314910620385 -0.03024859247940138 -0.6341818180356348 -0.005368476525619269 0.9999776980784467 0.003972751687335388 -0.9801931206197052 0.030269708186864405 -0.003808484243459776 0.9995345116707481 54.46830316500014 
0.9995089986666693 0.00614380643791291 -0.03072483491562776 -0.649035364500378 -0.006004135417230636 0.9999712281724319 0.00463606840674299 -0.9880631765948227 0.030752428801947913 -0.004449315030216443 0.9995171291777316 54.94287629714932 
0.9994967590083765 0.006485289485138849 -0.03105108713933835 -0.6623638800786842 -0.006348982920540008 0.9999697810885527 0.004486342362550759 -0.995517557310285 0.03107923877255309 -0.00428694086754411 0.9995077302615627 55.368197272906485 
0.9994906805544804 0.006785604061723624 -0.031182291878739606 -0.6748586256579789 -0.006661115763708641 0.999969432097972 0.004094428668384603 -1.003649635341165 0.031209116587156676 -0.0038846335550424215 0.9995053278796284 55.789068891382236 
0.9994957361090383 0.006516495516475247 -0.031077468479566665 -0.687016832263983 -0.00639362646962533 0.9999713534956838 0.004051378836971775 -1.0124818253024461 0.03110297374290532 -0.0038506372697865708 0.9995087680525865 56.24808005127762 
0.9994973475672085 0.006632963405297315 -0.031000907465829272 -0.6988578493942013 -0.006497759984512849 0.9999689432966546 0.004459988602211611 -1.0198087112956873 0.031029522363727524 -0.004256309366356645 0.9995094058438646 56.661411562130354 
0.9994938580492092 0.007108356088821335 -0.03100805154776883 -0.7111290602823899 -0.006972781645268596 0.999965662473286 0.004478183508468613 -1.0265078541592736 0.031038814071666317 -0.0042597035825081425 0.9995091028821107 57.07039401078608 
0.9994931246194789 0.007613755440950908 -0.03091156474034258 -0.7249256860990494 -0.007490741935702884 0.9999635657660225 0.00409339206325768 -1.0332847193369545 0.03094159934558381 -0.0038597657894453028 0.9995137414948025 57.51535249364061 
0.9995015650345355 0.007545123675520485 -0.03065441023506516 -0.7358320910840053 -0.00743487150750745 0.9999654823135878 0.0037090160989971723 -1.0403247865827008 0.03068133190483589 -0.003479254988843688 0.9995231615421639 57.916121177241436 
0.9995088869757035 0.007395065124797045 -0.030451570228778316 -0.7476055846826913 -0.007281696652433472 0.9999661452253501 0.003832131474573537 -1.0482653627356895 0.030478872997189134 -0.003608509538448339 0.9995288974132278 58.35291092274805 
0.9995106720171246 0.007457461470177629 -0.030377673593632304 -0.7585460431710649 -0.0073308053250433335 0.9999639756257923 0.004278630395271125 -1.0550867823944374 0.030408481825821204 -0.00405384301563408 0.9995293344345009 58.74623748895761 
0.9995067812571538 0.00775035673543446 -0.030432325825767628 -0.7701564486694535 -0.007627222962309105 0.9999622585244986 0.004160159631426828 -1.0617150413439258 0.030463414824676023 -0.003925992737790596 0.9995281720606093 59.134879197424965 
0.9995021156985258 0.008124405787351323 -0.03048794863949914 -0.7831081237997526 -0.007992163120985413 0.9999581297555742 0.004456903973963692 -1.0684028202538882 0.030522876625062555 -0.004211019346842238 0.9995251978426906 59.55942468885369 
0.9994980672027594 0.008239042707154448 -0.030589738521702547 -0.7945166469953618 -0.008103573257479135 0.9999568141330819 0.004549933736757674 -1.0753122008808522 0.030625899384825978 -0.004299762825337133 0.9995216686641556 59.94003622430875 
0.9994895670477195 0.008478990735093932 -0.030801174538441188 -0.8063850557861643 -0.008356157036449638 0.9999566217976095 0.004114497345880434 -1.081862444780734 0.030834719999324894 -0.0038550168404325935 0.9995170627297657 60.316698572000625 
0.9994766893784527 0.008335676088919991 -0.03125482637122943 -0.8185653526683239 -0.008226022324865344 0.9999595576121819 0.0036353299281414397 -1.0900448000446654 0.031283859986194706 -0.003376323832903881 0.9995048375753601 60.72657996710455 
0.9994565790007632 0.008412139070989203 -0.03187134911891913 -0.8300204592359837 -0.00829187580614646 0.9999580020469866 0.0039036987727797934 -1.0962597304424795 0.03190284364090899 -0.0036373033103903663 0.9994843562455792 61.09675984572993 
0.9994504974422753 0.008387351955208228 -0.03206798681046112 -0.840766948273803 -0.008259645612044807 0.9999574307538246 0.004112768055663716 -1.1029791518622973 0.03210111149577055 -0.003845636989868155 0.9994772281057059 61.46376395384765 
0.9994450956683755 0.008185146751147579 -0.03228783682168132 -0.852540396075049 -0.008072337351335104 0.9999608559706507 0.0036226819239247392 -1.1111651430639975 0.03231621965694741 -0.003360032580645773 0.9994720465878072 61.862127287838554 
0.9994302440154383 0.0085432377469609 -0.03265272933507008 -0.8653093981678741 -0.008431282475908734 0.9999581018310594 0.003564825873456003 -1.1166393856884054 0.03268181086691064 -0.003287489629835304 0.9994604001300567 62.22151784891701 
0.9994172612523077 0.008695653483933405 -0.03300793577455298 -0.878472940224619 -0.008586240012004757 0.9999571685286057 0.0034550708764559553 -1.1223189687035444 0.03303656050218412 -0.003169642656800403 0.999449117668774 62.6131492757894 
0.9994027545829495 0.00897377963309828 -0.03337073149689039 -0.8904078554417473 -0.008886898485211023 0.9999567267231815 0.0027509340935584353 -1.1284652158008752 0.03339396806184262 -0.0024527281864141514 0.999439256178177 62.9660169067714 
0.9994015786886666 0.008777733038033317 -0.033457977020928474 -0.9016362711818187 -0.008695516064402364 0.9999588077933971 0.002602045440205074 -1.134815022069983 0.03347943320914144 -0.002309553350178452 0.9994367380092689 63.31780896352741 
0.9994025399474268 0.00857543165897369 -0.03348171778966674 -0.9147684522278152 -0.008501930011692936 0.9999611269269791 0.002337037975971917 -1.1403084432348827 0.03350045169548301 -0.0020509819236111844 0.999436597777066 63.704602080280836 
0.9994056875122189 0.008922502457042503 -0.033296561779000346 -0.9273882127248294 -0.008859279265101758 0.9999586629434621 0.0020458489868720934 -1.1446199128978602 0.03331343385589604 -0.0017496490881357778 0.9994434219213102 64.05702796369823 
0.999411147713967 0.009115697080852775 -0.03307963420006261 -0.9396074352131738 -0.009054192730562795 0.9999569925754571 0.0020086101514713212 -1.1493296211712924 0.03309651581461142 -0.0017079175163418308 0.9994507008504059 64.4104553023762 
0.9994116227167165 0.009236330339489623 -0.033031786025267615 -0.9532615300604615 -0.009181141045044765 0.9999561923213882 0.0018220888227149774 -1.1549500608992451 0.03304716280542732 -0.0015177468202824988 0.9994526408225786 64.79930188389496 
0.9994180717271081 0.009371639495044175 -0.03279772223875211 -0.9648546913520102 -0.009324161938464515 0.9999552485700443 0.001600244014677033 -1.1611759323011972 0.03281124585616476 -0.0012935011177750706 0.9994607289809234 65.15359328478891 
0.9994223473444979 0.009208151329712092 -0.03271363447740316 -0.9766308655521655 -0.009175192441814809 0.9999572370876965 0.0011574804142124734 -1.1671945215260582 0.03272288827122202 -0.0008566575888643321 0.9994640956514819 65.50837774453343 
0.9994355021349943 0.00862062402301155 -0.03247094407317922 -0.988440692106052 -0.008598294718131783 0.9999626917600923 0.0008272498683005088 -1.1742873296290461 0.03247685856212545 -0.0005475878895073179 0.9994723375779679 65.90082184875068 
0.9994366098203092 0.008536862983290027 -0.03245897743046075 -1.0002605911643077 -0.008514226529310349 0.999963404196588 0.0008355485321116827 -1.1799691428837698 0.03246491704611074 -0.0005587144524017403 0.9994727193763923 66.2602072733436 
0.9994346012530985 0.009004723101486223 -0.032394337121189436 -1.0138452906449678 -0.00899322085176921 0.99995943474623 0.000500763892569346 -1.1857701827353728 0.03239752680398048 -0.00020915114719967246 0.9994750403543969 66.65795618914643 
0.9994347229466642 0.009093236173240732 -0.032365844997393756 -1.0263462398600076 -0.009114054256767479 0.99995834322789 -0.0004957302666425702 -1.191190005545657 0.0323599834859943 0.0007904341030171305 0.9994759659242355 67.02149215406833 
0.9994500268491442 0.00843896150295062 -0.03206911362891356 -1.0367740497463158 -0.008513131093931297 0.9999613929390716 -0.00217696202920174 -1.1985698631725015 0.032049498833590234 0.0024487730006048838 0.999483282958256 67.38772176584925 
0.999485217885036 0.00792037027506992 -0.031089664470319498 -1.0475772619091477 -0.008040510844856907 0.9999606759861774 -0.0037412041413147283 -1.2068907526261934 0.031058804949640723 0.003989254393869814 0.9995095978877877 67.7954483579852 
0.9995310745271807 0.008165211134750588 -0.0295120422580581 -1.0583552978097173 -0.00829284727899753 0.9999567720664233 -0.0042050711977198885 -1.213442909700712 0.029476426259692382 0.0044478374705124646 0.9995555796647556 68.1734051582726 
0.9995793547465713 0.00916776900762185 -0.02751482906901318 -1.0697503307997274 -0.009267106492199754 0.9999509866077482 -0.0034849749491543485 -1.2185772195509879 0.027481526401482676 0.003738491268823385 0.9996153206188317 68.55842912805267 
0.999645168576578 0.01011945217374007 -0.024640086252967836 -1.0793832913561547 -0.01018080904410652 0.9999453751956157 -0.0023659400568198374 -1.2245376604435678 0.024614794126557614 0.0026159561704972847 0.9996935873265523 68.99279248672322 
