0.9999999999999999 1.0847403066675255e-18 4.815035095840357e-18 -5.551115123125783e-17 4.820304863253746e-18 0.9999999999999999 5.414237352447502e-18 1.1102230246251565e-16 1.6334295437130846e-18 -1.1523994840706612e-17 1.0 0.0 
0.9999558151314997 -8.345376695414707e-05 0.009400043124124529 0.012497248307227038 8.203980380613403e-05 0.9999999852634662 0.00015080764347249635 -0.0011639047386660106 -0.009400055913355326 -0.00015002980993558256 0.999955807247953 0.08718808182933424 
0.9998447591311141 -0.0003262017475723071 0.017616787636169137 0.02397946234971632 0.0003215314285854835 0.9999999124135243 0.0002679405741738951 -0.002225370863706111 -0.017616874137286964 -0.000262234644359275 0.9998447764532258 0.16727973664098927 
0.9996023730586504 -0.00026401950408729035 0.028196205801097524 0.03741404702552781 0.0002510340289868243 0.9999998608065154 0.0004640798808975711 -0.0034774069605656432 -0.02819632542925368 -0.00045681716500578425 0.9996023002158075 0.2612815531933028 
0.9991996170530497 -0.0013987457603729081 0.0399771022088003 0.0524860857430291 0.0013796498487650142 0.9999989206421727 0.0005052605978527897 -0.0038280166962733064 -0.0399777672454604 -0.0004497018469329434 0.9992004683631571 0.35082886673793734 
0.9983746903002865 -0.0025417331619266913 0.05693432350694526 0.07493180880237166 0.002591599174366336 0.9999963201842504 -0.0008020265346008492 0.0007951590749600834 -0.056932077529698914 0.0009482736796563876 0.9983776036537697 0.47248268763960577 
0.9976261714173069 -0.002411171325512242 0.06882011426980236 0.09191979793840982 0.0025437451817116805 0.9999950740686091 -0.001838807785132611 0.0066556044066049536 -0.06881534408348158 0.0020095031926703416 0.9976273906266125 0.5531276636224567 
0.9963125794915645 -0.0005451795831280896 0.08579595796376936 0.11364651981721413 0.0008408717886049226 0.9999938311841637 -0.0034103569835568386 0.014142024582231905 -0.08579357255859928 0.003469924340420573 0.9963068919009684 0.6618771284333795 
0.9942096333788853 0.0019532769482958974 0.10744016534744996 0.1442554527922731 -0.0013619347854270237 0.9999835208319486 -0.005577023927110922 0.020001340799708833 -0.1074492921892716 0.005398403514774088 0.9941959099320973 0.7926258060164262 
0.9914808500224541 0.0028789837338778377 0.130220715744424 0.18027726179276132 -0.0019537581429812266 0.9999719382539772 -0.007232256309035479 0.021482761953308116 -0.13023788779105913 0.006916222715030774 0.9914586522552943 0.9233927083236901 
0.9877288387191339 0.003681936865373037 0.15613514511151744 0.22257677042207852 -0.002373067418311046 0.9999604738552615 -0.008568504918359672 0.023141732214131516 -0.15616052804413155 0.008092838850254391 0.9876985351849268 1.0648089954669895 
0.9821217969199181 0.00537964334444426 0.18816969488761343 0.2808757673706071 -0.0035452864403341007 0.9999428740330351 -0.010083630861127903 0.030466084361747914 -0.18821319867123287 0.009236236642019467 0.9820847647530645 1.2330444340834164 
0.9752988024953416 0.007656642016318255 0.22075692471464012 0.34301783723398566 -0.0051443823745878385 0.9999153281990908 -0.011952897471072716 0.03677215932580269 -0.22082975989009865 0.01052198677435865 0.9752556110171613 1.396201972081291 
0.9666002043896637 0.010741043679313483 0.2560638052405646 0.4159603279783379 -0.007652362193324208 0.9998854911022733 -0.01305549794060558 0.03418751428257771 -0.2561747226204084 0.01065995210541318 0.9665717145774957 1.5694725727147185 
0.9548066058894804 0.011269328801755489 0.29701404719654456 0.512972031587591 -0.008034935807007555 0.9998944090366333 -0.012108285192112368 0.03654457369361419 -0.2971191482277119 0.009174580058060731 0.9547963354542474 1.769597902830141 
0.941588823685965 0.010477804537334802 0.3366016910841105 0.617723256584936 -0.007297737224926632 0.9999160014797778 -0.01071134915851817 0.042938386527320405 -0.3366856606895853 0.007629254210857284 0.9415861960875236 1.95827399929748 
0.9241592130374654 0.009841176336281385 0.3818807336298647 0.74916704289212 -0.006346031821981131 0.9999256682833272 -0.010410848920095899 0.054196647274758036 -0.38195481665360803 0.007197852836512346 0.9241529713479685 2.170487374326066 
0.9052602036267262 0.011218593116294615 0.42470943023992364 0.88464525266995 -0.007402489207399775 0.9999160542077727 -0.010634268911276343 0.05711307753191264 -0.42479309464065657 0.006482871617037384 0.9052672566156886 2.3700596960943185 
0.8832061603371727 0.012213731421562932 0.46882586841109414 1.0351057257416652 -0.008022775513945085 0.9999080207184604 -0.010935499947527709 0.05808656081986974 -0.468916326444652 0.005897014326591826 0.8832229119810804 2.5732649499362963 
0.8556945798349372 0.013649399821516785 0.5173011404901321 1.222443873406947 -0.007836997285403281 0.9998792483043377 -0.013419026603211667 0.057984609727185665 -0.5174218559605582 0.007428498500953306 0.8556982238888355 2.795434548849747 
0.8271445669800349 0.014339807746186282 0.5618062152499564 1.4130169590948576 -0.006815092648739498 0.9998568434930328 -0.015486995634083085 0.05975744186664178 -0.5619478899908561 0.008981220401322971 0.8271238833144814 2.9962488471738835 
0.7946088655072897 0.015902060234985155 0.6069133889363147 1.620271236189491 -0.007301015718074055 0.9998349180269505 -0.016638265170378162 0.060403903268804404 -0.6070778032298814 0.008789826236834932 0.7945937914703916 3.196855401888172 
0.7551400723216689 0.016840916532560278 0.6553471132164598 1.8701575451327437 -0.007723675078681068 0.9998291466547061 -0.016793520974104435 0.05870462544335375 -0.6555179870781931 0.007619769905144749 0.7551411282820326 3.416902296495305 
0.7164715320859266 0.01836177538302621 0.6973746273956001 2.11928520623236 -0.008560503485924938 0.9998096915941954 -0.017529928087933848 0.057386405395155604 -0.697563817099484 0.006589813945575382 0.716492367999448 3.6127538487393025 
0.6699200082175685 0.020442974961503196 0.7421517681927747 2.415545537506286 -0.009576974331448586 0.9997756145951047 -0.01889449738368125 0.05562375228672545 -0.7423715268927386 0.005550230854540503 0.6699654702456638 3.82136355253391 
0.6236646687363282 0.02200894709056016 0.7813820862465571 2.7080648861306513 -0.011313598271281549 0.9997529975866816 -0.019129723357422343 0.052596126290190615 -0.7816101364766508 0.003090287190017462 0.6237596229220468 4.001542173245194 
0.5739295126004279 0.022392126864591088 0.8185984867731745 3.022417336997887 -0.011612172398969126 0.9997481136732373 -0.0192059017991284 0.052678489697001285 -0.8188223837764431 0.0015171248212296515 0.5740449693424615 4.166074992993412 
0.5155235413779222 0.01859376146509073 0.8566736387623853 3.3963680935509815 -0.008392358575785868 0.9998261488944593 -0.01665053469537803 0.053903894806138664 -0.8568343323357429 0.0013942278878952626 0.5155899630786906 4.3254746878528465 
0.458582397936294 0.014668380177386772 0.8885308064218209 3.7567273381667863 -0.0049008231984191 0.9998903012115854 -0.01397739166477733 0.056813547443868795 -0.8886383936805746 0.0020552508772919724 0.4586039796853396 4.452086623485335 
0.398724668815338 0.012858166076765164 0.9169805206407711 4.132673790774568 -0.003383392785547536 0.9999155223955277 -0.012549929482142053 0.05795296238724268 -0.9170644587516145 0.0019014586255683098 0.39873449029906727 4.563985002016446 
0.33100204239991854 0.012818460915734046 0.9435429520742014 4.5693142046828825 -0.0016868604472293934 0.9999141706606193 -0.012992529669449101 0.05347789119902735 -0.9436285469546619 0.0027089258413465884 0.3309952562464637 4.663029287202662 
0.2681559953127427 0.012020626398749403 0.9633004893601357 4.985971976802602 -0.0016675255052275137 0.9999264451596107 -0.012013477412992633 0.043854727538127136 -0.9633740785061454 0.0016151552075519963 0.26815631643321297 4.735824975360735 
0.20599980135211793 0.00957304144935495 0.9785051884204596 5.425206620941671 -0.0032122824832888845 0.9999533743241493 -0.009106613795254204 0.029501403628452216 -0.9785467785416766 -0.0012672767983615103 0.2060209483861821 4.7910021954823465 
0.1401663237467285 0.008482141382990407 0.9900916216281983 5.925787277744575 -0.0030535770965458985 0.9999622527667261 -0.00813441473103279 0.01920184960845639 -0.9901232816829063 -0.0018831523993203356 0.14018693433639848 4.823248622395985 
0.08176160500113366 0.00853147368978421 0.9966153810366627 6.400072968316407 -0.00172966209068448 0.9999630701155303 -0.00841823468398924 0.012539325823042402 -0.9966504323468469 -0.0010355218821687675 0.08177334273296423 4.826579549145795 
0.024193275714545524 0.008977739992098194 0.9996669691548344 6.889928261576987 -0.00021471971809677428 0.9999596992474242 -0.008975176110622308 0.013340424005094609 -0.9997072949828111 2.4881612236609044e-06 0.024194229018694866 4.803427427324876 
-0.03673675815703083 0.009842801359042601 0.9992764850360719 7.447574107054202 0.0014476046434477256 0.9999509679664593 -0.009796230116839682 0.010708765620041305 -0.999323947169747 0.0010866728866145967 -0.03674920475087137 4.75113172031585 
-0.09311503181623054 0.01064061946560334 0.995598479331473 8.02563802681546 0.0034563961159190756 0.9999403211124117 -0.010363762528955654 0.013637725963587477 -0.9956493761822395 0.0024761578386642688 -0.09314625239979357 4.666920978232661 
-0.13555931674333563 0.010581121112078137 0.99071271107037 8.51586106452334 0.0050405904437272175 0.9999373948006163 -0.00998994349515847 0.015999543336154054 -0.9907564281315997 0.003639544192137381 -0.1356041645156099 4.573116559550568 
-0.18254091318068694 0.010748502506665845 0.9831394863565739 9.132212536508 0.008127989926862785 0.9999225697955584 -0.00942285826812224 0.01706005192315596 -0.9831646790235263 0.0062708874942742545 -0.18261414211778082 4.429486789292689 
-0.21897429506094002 0.011541595371433627 0.9756623468963223 9.7088239297407 0.010683477598469566 0.9998984590140422 -0.009430538332404788 0.01408319497898225 -0.9756721561016228 0.008358417932904063 -0.21907536397273322 4.278209257294634 
-0.24956528099671105 0.012358608865399152 0.9682790926760598 10.302548012398468 0.013202080991850012 0.9998690476948627 -0.009359093275268971 0.009044127295082638 -0.968267994859331 0.010447590633750621 -0.24969575860981283 4.106414362720173 
-0.2776052348652793 0.013584751689918429 0.9605991644011075 10.975161369776394 0.017118398606126392 0.9998112140481 -0.009192216201162175 0.01062105892356957 -0.960542725646951 0.013892108060575952 -0.27778537550293697 3.894380018552374 
-0.2923201487103468 0.014234468145273646 0.9562145561716132 11.603750839517325 0.02031857054183643 0.9997559538055912 -0.00867114185407128 0.011587463850487034 -0.9561046594699273 0.016894159106646857 -0.2925380325503623 3.6770451716715895 
-0.3069643395418476 0.014974865567358468 0.9516031813906566 12.23205038598381 0.023507345623608407 0.9996904539794672 -0.00814868949531552 0.01255915578976885 -0.9514306764936128 0.019868303135580658 -0.3072213387104587 3.459880022273185 
-0.32153390433597967 0.01580523137063059 0.9467661329709312 12.860062944863161 0.026684672602527496 0.9996148195122452 -0.007625032182883073 0.013535854601743669 -0.9465220068924437 0.02281243294123778 -0.3218318125954322 3.242889490084642 
-0.32578784859192617 0.016641445304488998 0.9452964125724097 13.629136059341459 0.030264141497153042 0.9995162503809478 -0.007165700858626304 0.015250902171643377 -0.9449584077100526 0.026274080748597564 -0.3261338873219226 2.9651717525966257 
-0.3300331073548129 0.01750882025748906 0.9438069489970767 14.398168091867138 0.033842245139731254 0.9994046877599516 -0.006706182589293392 0.01697507099437834 -0.9433625407443904 0.02972727809125205 -0.3304291718171029 2.6874776159537843 
-0.32915622691227625 0.017375395725587182 0.944115586991288 15.20678885274875 0.03555473763650175 0.9993497423013816 -0.005996130178750313 0.023725262333353148 -0.9436058879316381 0.03159411243067011 -0.3295599676014278 2.3970058890626627 
-0.32709708892009176 0.01677066991692428 0.944841895078585 15.96372784325861 0.03616330948872776 0.9993322689302421 -0.0052184014359655025 0.030488133123560468 -0.944298545134565 0.03246167987184169 -0.3274851583804995 2.1299366118433802 
-0.3255258468492722 0.01581569249494637 0.9454008433022115 16.74205929027938 0.03630813563978843 0.9993317488621657 -0.0042160876999146855 0.041192687395379846 -0.944835792735158 0.03295329039618942 -0.32588255156264817 1.8556193623586386 
-0.3239508602127188 0.015344943203736205 0.9459494386396989 17.540793178675777 0.03662621835507134 0.9993223046313563 -0.0036676958561035443 0.05477940496446765 -0.945364687964244 0.033458391267812415 -0.3242933468777595 1.576041915456269 
-0.32218577282090477 0.01575954813050353 0.9465452614467323 18.440075010341133 0.03789806004268002 0.9992746204263895 -0.003737704560474608 0.06848123558339714 -0.9459175956937823 0.03466798758179611 -0.3225493215657021 1.2623975862304895 
-0.32027053534523986 0.01571045205421089 0.947195826306976 19.278931125528917 0.03763910002241568 0.999283990594548 -0.0038476883223661205 0.07242208407733253 -0.9465781084444299 0.0344192909376814 -0.3206325453275078 0.9814058792096532 
-0.31839825618668277 0.015823490522596875 0.9478249495805992 20.138249388007818 0.03789778626000342 0.999273807895177 -0.003951590841315718 0.0736652768632593 -0.9471992089025981 0.034662281377780824 -0.31876671256980954 0.6975110304639369 
-0.31633246839830736 0.016598522882830542 0.9485031501606861 21.10857844315426 0.03784477626198801 0.9992717851353828 -0.004865466181857716 0.07583821081706521 -0.9478932300023133 0.03435677826736415 -0.31673027719832025 0.378336059766363 
-0.3153084284107477 0.015858616429097656 0.9488567155413126 22.0108207462786 0.037311172077570266 0.9992944317175522 -0.004302974095269586 0.07910167804323442 -0.9482555059509282 0.03404618591833371 -0.31567765977155116 0.08349855512351101 
-0.3144434068387047 0.0143181922582921 0.9491682151356712 22.934594722851504 0.03509561150937415 0.9993780078762166 -0.0034490286909978295 0.0818992235800553 -0.9486272582531566 0.03222710853784781 -0.31475033064941144 -0.2147531410040956 
-0.314195108937162 0.014480022400930501 0.9492479812052945 23.970657856331425 0.0350652909610927 0.999378400929294 -0.003638337298406594 0.08638124239960332 -0.9487106471666911 0.03214250281515888 -0.3145075511681202 -0.5530619573074345 
-0.3140863589535395 0.01468916112952608 0.9492807566848157 24.933806119170544 0.03394677721324842 0.9994146776954509 -0.00423304610517466 0.09175414097725276 -0.9487873358059326 0.030895474408141974 -0.3144011663023909 -0.8673872413761804 
-0.31439211150891816 0.01544218800372786 0.9491675860464478 25.915144814647174 0.03343838720060031 0.9994273358556325 -0.005184105989109937 0.09837933315014125 -0.9487041201662997 0.030108785409536248 -0.31472843170114173 -1.1895606667757221 
-0.3145490446569169 0.017200563207686252 0.9490853525764849 27.01602371828673 0.03425993845947294 0.9993901091551158 -0.006757714395177633 0.10464294889734505 -0.9486227850227961 0.030389967310786848 -0.3149464937315629 -1.553682191437602 
-0.31502660438330166 0.018455268442953802 0.9489033717642708 28.03770604114101 0.035067538555515726 0.9993545492352716 -0.007794423727131792 0.10895315988164811 -0.948434783951762 0.03082024883231737 -0.3154704504788038 -1.8916781139390424 
-0.3151989157062955 0.019162887586091727 0.9488321214128369 29.07906730769479 0.03612828599414544 0.9993136759315433 -0.008180736146355378 0.1133465268005418 -0.94833771602438 0.03170111307673377 -0.3156749088079835 -2.2368230765399977 
-0.3154071385637683 0.019609899107394416 0.9487537911122748 30.24832016301084 0.03745136973801107 0.9992647790553443 -0.00820345430368377 0.11908068977704456 -0.9482171507634136 0.03294469482784751 -0.3159096616322816 -2.6272135545998903 
-0.3153560052165569 0.019670865845067317 0.9487695264705118 31.33118333796999 0.037998900363767046 0.9992450560416688 -0.008087148730848545 0.12334748417846642 -0.9482123742631733 0.0335018615781598 -0.31586539979793166 -2.9877813904604 
-0.3145518801510046 0.01861984024645041 0.9490576292189892 32.54567176885699 0.039325935306688674 0.9992048392190188 -0.0065696682051515805 0.12911965900179467 -0.9484253363855736 0.0352560710320119 -0.31503400288606603 -3.3919105329152632 
-0.3139674121014786 0.017718127413701955 0.9492684022062235 33.66553313958177 0.04081663710724461 0.999153385434989 -0.0051492698030765624 0.1340017459654429 -0.9485560075687376 0.03712923434945683 -0.31442479651504546 -3.7637926489789373 
-0.3129224946267953 0.016636274919136017 0.9496329364671526 34.913309200062464 0.04125079833892233 0.9991411706363956 -0.003910658806338798 0.1400978603437414 -0.9488824570208406 0.03794937692709764 -0.3133400066421523 -4.175791062134209 
-0.31193829264372636 0.015153064267985558 0.9499815016730525 36.05909842951006 0.042039446189571804 0.9991136759592439 -0.0021325956726245257 0.14276303269120183 -0.9491718600052755 0.03927145109299049 -0.31229884008586134 -4.5487693940385805 
-0.31063154573640234 0.013431651678546888 0.9504354795568064 37.21750340758815 0.041827287630975325 0.9991247552870903 -0.00044929535426319175 0.13321430308102067 -0.9496096851382688 0.039614565951914184 -0.3109214760962893 -4.907411013841115 
-0.3092224899910362 0.012324027878549566 0.9509098470765965 38.38477262342032 0.04161787077461924 0.9991334303517047 0.0005845222403660119 0.1299106178566679 -0.9500786482443951 0.039755583622888016 -0.30946742638577723 -5.2726476571067105 
-0.30822134863168354 0.011748935113074541 0.9512420985205077 39.32558883519972 0.041305812450846593 0.9991460062812967 0.001043295154713309 0.12695789867738405 -0.9504175205969907 0.03961338663790243 -0.30844342826546317 -5.564778853313916 
-0.30671886681181176 0.011295502944212894 0.9517331115123346 40.86845713682347 0.041167986736983964 0.9991512457117424 0.0014090894762012638 0.1284011558610797 -0.9509094420569081 0.03961312351917837 -0.3069235503925781 -6.047109229339763 
-0.3055732947234564 0.011144569295116832 0.9521033175531557 42.06619854415707 0.04034384881858004 0.999185070726092 0.001252500924608935 0.13221331488162058 -0.9513134966000535 0.03879423630978133 -0.3057738883376202 -6.422339056941574 
-0.3042948383804138 0.011240157996199642 0.9525115628287842 43.396160428044055 0.04003941090510838 0.9991976009545545 0.0010001368387428584 0.13601958738327868 -0.9517360612757355 0.03844233154538358 -0.30450072121551514 -6.836592367472328 
-0.30319126292406323 0.010141463604594572 0.9528757400214817 44.61438662014974 0.039381347333462983 0.9992224555750642 0.0018958370610322216 0.14066350923669158 -0.9521156447662239 0.038100324965724956 -0.3033549021665298 -7.215083612713826 
-0.3020154539845337 0.009498293201709744 0.953255692391047 45.840077658338075 0.03852339914235555 0.999255168708707 0.0022485449447358897 0.1438425855585742 -0.9525243549269874 0.03740173817316725 -0.3021564093817529 -7.593266322949172 
-0.30075660091596274 0.009098659016035423 0.9536575111003455 47.196090306941095 0.037465713232241946 0.9992953093624581 0.002281540580882829 0.14959300687684685 -0.9529647531831898 0.03641564066243602 -0.30088554772187825 -8.011905531534406 
-0.3000851897782134 0.008499410698439782 0.9538745231681887 48.43669657955645 0.0366022151496835 0.9993265049623861 0.0026105020501227356 0.15732836939354022 -0.9532099402542858 0.035697287047206504 -0.3001941805680942 -8.395848703647104 
-0.3001549330671893 0.0065284054625596305 0.953868105736717 49.68407518067551 0.034539735548833876 0.9993952055768875 0.004028659962629621 0.1652859105337693 -0.9532649454795573 0.03415556797931096 -0.30019888985257154 -8.780992921581293 
-0.3010811243699053 0.004593219975127884 0.9535874506143681 51.06220566086994 0.03278563879597157 0.9994470665137022 0.005537459989581634 0.1750298313885269 -0.953034779983289 0.03293119223374566 -0.3010652376018062 -9.207210269170712 
-0.3023396690421117 0.004193913826012313 0.9531910106219463 52.31873297751612 0.03240284226594759 0.999457592177225 0.005880270761731808 0.18518544847257778 -0.952649365573377 0.032663930951842765 -0.3023115717854951 -9.599419423483372 
-0.30336586426219037 0.004846122133065077 0.9528618129834877 53.579559967253566 0.03206033988709452 0.9994728009318867 0.0051239759562705005 0.1977554922415643 -0.9523346682614443 0.03210350691884814 -0.3033612978010163 -9.996444440788288 
-0.3046271587707221 0.005378067975846385 0.9524564754845916 54.962511214313906 0.03143918627184836 0.9994959307380942 0.004411612019450636 0.21271805236878327 -0.9519526800420696 0.03128834741313872 -0.3046426870817937 -10.451611718730526 
-0.30569415562338126 0.0049965744987880084 0.952116633955496 56.22735501048133 0.0320309704847353 0.9994741745514474 0.005039013782118095 0.22583321123051042 -0.9515908435158226 0.032037610808059856 -0.3056934584046774 -10.869899185187212 
-0.30646315181978434 0.003890865262518638 0.9518745531626335 57.497459888657616 0.03253119716343875 0.9994503043527144 0.006388323313836401 0.2390655646236205 -0.9513264902709628 0.032923398304783184 -0.30642126428178085 -11.293784166418398 
-0.3069021492599578 0.003656848633527656 0.9517340308419666 58.904697627760996 0.033671388729971816 0.9994083187726805 0.007017855909493158 0.25315719433540035 -0.9511452789479029 0.034199995279329994 -0.3068436916092557 -11.756926917661083 
-0.30738549972490115 0.0039317327959456074 0.9515769350249154 60.1871576624751 0.03446916718440904 0.9993812103459274 0.007005232766352986 0.26901073473419734 -0.9509606008524609 0.034953365048515005 -0.3073308157308762 -12.183926554178132 
-0.30766433544108746 0.0040078721739777255 0.9514865006397732 61.47759100545342 0.03487630565629295 0.999366644808386 0.0070677379461810035 0.2850945545807319 -0.9508555796230735 0.03535881848801767 -0.307609253829973 -12.608711402337356 
-0.3076502107954997 0.004404498784299429 0.9514893144055877 62.8459498410009 0.03528657349109317 0.9993542137736332 0.006783326744873697 0.2723186378944044 -0.9508450130446632 0.03566168305273251 -0.30760695361497037 -13.060743799128467 
-0.30763581228243014 0.004801115915292861 0.9514920512153048 64.21430903749382 0.03569683989490747 0.9993415332561498 0.006498916412002208 0.2595428956410523 -0.9508343577775522 0.03596455233931608 -0.30760462841512437 -13.512776170878688 
-0.30752600320055234 0.0041234584144191145 0.9515307255597207 65.52642084642822 0.035551231743567765 0.9993422118952011 0.007159177903401585 0.25466094781361126 -0.9508753338820991 0.036029716190979465 -0.3074703096974814 -13.941838852132037 
-0.3074861322362072 0.0031486824943500833 0.9515473354072457 66.97599956519136 0.035783220396358 0.999325469841604 0.00825632192204066 0.2510017732549452 -0.9508795259821095 0.03658812593906391 -0.3073913929843972 -14.419130221250082 
-0.3073004021152176 0.002465133004556003 0.9516093490588334 68.5008444773757 0.03587416504024714 0.9993158241196085 0.008996017860135357 0.2546383295360033 -0.9509361390013876 0.03690266413571165 -0.3071785885982498 -14.918129664796428 
-0.30711478786315644 0.0017814604744059049 0.9516707942921988 70.02568925487482 0.03596511172130506 0.999305622469906 0.00973570913352546 0.25827527451922716 -0.9509926661840841 0.03721692003533588 -0.3069656040981604 -15.417128714856624 
-0.3071384855295145 0.0024315541972443474 0.9516617074802798 71.09148405533006 0.036860972501134945 0.9992767247319978 0.009343260799370071 0.2654898626973223 -0.9509507099437008 0.03794884426952158 -0.3070059687294657 -15.763547087363953 
-0.30689412547574046 0.0032024906195008713 0.9517382555242323 72.42713954170318 0.03777233122061767 0.9992474677581238 0.008817573045420175 0.2724598118463956 -0.9509938380907347 0.03865542717857091 -0.3067841427059525 -16.200617894286577 
-0.3067506969990335 0.003755587517463261 0.9517824713001894 73.76624638513864 0.03886035957794707 0.9992078006443089 0.008581609650302139 0.28323862919416326 -0.9509962753356076 0.03961901689298847 -0.3066536321940293 -16.638224882710286 
-0.30632558619833683 0.0036988594658497625 0.9519195979128925 75.24245620830291 0.040283490383668324 0.9991470265357716 0.009080761629462149 0.2938231602372078 -0.9510740817754352 0.04112830650121014 -0.30621330098980737 -17.12081699691264 
-0.30611334793291967 0.0026588614864935032 0.9519913423358555 76.58719292738859 0.04138496521707169 0.99908792346349 0.010516954417193341 0.30481394126325734 -0.9510951247220069 0.0426175014484991 -0.3059441854390582 -17.557612375583567 
-0.3058194935228472 0.0014257575391762123 0.9520884264617908 77.93341882081594 0.042197368800789475 0.9990365281008753 0.012058113095894146 0.31673656429695746 -0.9511539585480747 0.043863225091096913 -0.30558500766942426 -17.993602700612005 
-0.3055830788155668 0.0011195605713347427 0.9521647419047833 79.41495742290309 0.04296093275252848 0.9989971321252413 0.012613040190331286 0.3308899316836056 -0.9511957598865792 0.04476020958672741 -0.3053247161472555 -18.472726833949498 
-0.3053526721786004 0.0016223452632995587 0.9522379328633241 80.81088318341136 0.0438114735820355 0.9989635162942888 0.012347000878287334 0.36301253936390776 -0.95123095713825 0.04548912915335163 -0.30510725586418 -18.919419234632336 
-0.30512161332114274 0.002124771461464241 0.9523110067718212 82.20680964691553 0.044661989384062135 0.9989291053367584 0.012080967083102086 0.3951357114442953 -0.9512655471767829 0.04621826056042287 -0.3048897561524562 -19.36611158189871 
-0.30488990266559635 0.0026268383420789995 0.9523839636169221 83.60273680500507 0.045512479361152026 0.9988938992749115 0.011814938824772817 0.4272594478400544 -0.9512995295630664 0.04694760327150512 -0.30467221706727754 -19.8128038750784 
-0.3049019785345852 0.0022337560138302637 0.9523811007169088 84.95598414303754 0.046138370446453074 0.9988577420622008 0.01242829329119894 0.4599555965011746 -0.9512655085397531 0.04773071539077812 -0.3046567631100963 -20.24333993919396 
-0.30563743502054996 0.0014172571269797463 0.9521468988017501 86.30821926847419 0.046536569705785916 0.9988260147707289 0.013451412078277958 0.4864776245949252 -0.9510100627555226 0.04842089767801533 -0.3053445748898136 -20.674317710721674 
-0.306715520299071 0.0010896619563991353 0.9518005933341481 87.79307913729629 0.04696886898213271 0.9987983510435365 0.013992137036970899 0.5202293640930153 -0.9506416508887388 0.04899659495855894 -0.3063981355224698 -21.15260460928956 
-0.30781618219541806 0.0011020643468752716 0.951445190583622 89.14101521588562 0.04805012267256198 0.9987412856905498 0.014388557618165123 0.5471462214219798 -0.9502317702169429 0.050146080868233876 -0.3074816833082061 -21.58847661101398 
-0.3087909462022839 0.0010233424935419083 0.9511293663787583 90.6230889267385 0.04907079107698274 0.9986848038601066 0.01485667007621593 0.5777562926033335 -0.9498632756550516 0.05126026737946036 -0.30843504118671283 -22.06904137817443 
-0.3095892879899527 0.0014228896550046327 0.9508692946135437 91.9681622725435 0.05041860510037726 0.9986167042387679 0.014921224692370599 0.602823782512194 -0.9495327642862892 0.052560946392058425 -0.30923277397127413 -22.506873444644384 
-0.31016097292467076 0.002179103681154476 0.9506815395730703 93.31116271993987 0.051620074067818184 0.9985607645560126 0.014552255408339307 0.6290913490110672 -0.9492816085138103 0.05358778466301644 -0.3098270631722866 -22.94696340870439 
-0.3106270669682811 0.003222828240551128 0.9505263836193574 94.7871743138299 0.05326708992743913 0.9984818486062189 0.014021977841354219 0.6585490391387883 -0.9490381846081303 0.054987371524819396 -0.31032715815539635 -23.433505046963752 
-0.31084090019708355 0.003869221846299729 0.9504540658032313 96.12850388253456 0.05479731005251399 0.9984013451783396 0.013856749892834768 0.682265129637919 -0.9488810373482758 0.0563895619050845 -0.310555995262673 -23.87456228896461 
-0.3110467590310152 0.00406341101532135 0.9503859056753605 97.46946868538727 0.056286806072553416 0.9983143169461014 0.014153474370520754 0.7068227279076965 -0.948726379225621 0.05789657048663704 -0.31075114862862485 -24.316291732759115 
-0.3108759696345625 0.004359900545317498 0.9504404716158636 98.94365826528531 0.05786113794147885 0.9982215524288122 0.014346491308182914 0.7300967648887945 -0.9486876481364129 0.05945353743912352 -0.31057536124887647 -24.80017900111425 
-0.31086349807729724 0.004544187674405091 0.9504436875665466 100.28264253717094 0.05921854107808631 0.9981383208126275 0.014596498892807327 0.7552163490612253 -0.948607971441785 0.060821397913029616 -0.3105538695579908 -25.24381308268513 
-0.3107520422928476 0.004656300550715906 0.9504795917781076 101.62070355294635 0.06067320605868759 0.9980457608587603 0.014947313988282841 0.779086718107826 -0.9485525625019842 0.06231354295725475 -0.31042727059218983 -25.68543730243649 
-0.31039981910258774 0.004974569775395103 0.9505930639649344 103.09162066028354 0.06156157417821694 0.9979923753995759 0.014879252228575918 0.8048200938122532 -0.9486106463975992 0.0631385130081194 -0.3100828945568793 -26.17016139434124 
-0.31020979282513667 0.005263186432939859 0.9506535386776428 104.42873214362331 0.062264068127151274 0.9979500835972482 0.014792477916287641 0.8269519606958813 -0.9486269571564203 0.06378031852118864 -0.3099015955020569 -26.608737512247696 
-0.310069710988484 0.00514896839725696 0.9506998631247624 105.76102614597183 0.06274846799383474 0.9979157316788011 0.015060650029884385 0.8433961787092135 -0.9486408370351938 0.06432480158645143 -0.30974653181209144 -27.051074493551543 
-0.30995149479822326 0.006108779088273629 0.9507327284669324 107.21274148760406 0.06332512382836931 0.997891452177806 0.014233036251117633 0.8493076229929484 -0.9486411508969497 0.06461680883757473 -0.30968478586208675 -27.552520935924594 
-0.30962150998928684 0.007157502770638704 0.9508329285330482 108.53513904749337 0.06371908237911661 0.9978800796207357 0.013237303423288483 0.8592240223175349 -0.9487225267257 0.06468474578654522 -0.30942120597011696 -28.00324160977911 
-0.3095240219883444 0.008060841643260847 0.9508574393227409 109.85424293488511 0.0644495353831613 0.9978424199659105 0.012520514626567843 0.8673082783245003 -0.9487049967397818 0.06515771038111703 -0.30937571605828873 -28.457593426307714 
-0.30932996526075995 0.008820974755446393 0.9509138395564943 111.31020359646884 0.06577229809138047 0.9977608058515439 0.012140021549963437 0.8786720468358407 -0.9486775063525981 0.0662990509848566 -0.30921749061496195 -28.949079755211628 
-0.30920485622366056 0.008918481891142818 0.9509536186529537 112.63063559634085 0.0666057741253532 0.9977035529073633 0.012300097706535345 0.8873640541001961 -0.9486601401035301 0.06714224179998532 -0.3090888054422799 -29.39876304040448 
-0.3089648607390263 0.008868524570214545 0.9510320874480671 113.95318209499958 0.06726811332586818 0.9976559987625472 0.012550303366458142 0.9008301018968733 -0.9486915987057002 0.06785172681480037 -0.3088372150602966 -29.846302564274353 
-0.3087733859844049 0.008645303233191822 0.9510963263999894 115.40680842810164 0.06794569502968699 0.9976044458146556 0.012990507620348434 0.9162786805123878 -0.9487056510567192 0.0686340137191704 -0.30862111316556573 -30.339142514538004 
-0.3087483813465468 0.008787943169518607 0.9511031365322292 116.5982161814345 0.06906577480487833 0.9975247321883568 0.013203352726772971 0.9335947459682452 -0.9486329055533155 0.0697651784553928 -0.3085910919417094 -30.742210434675673 
-0.30875551084496206 0.009146644302094869 0.95109744015551 118.0582298911247 0.07032745653472783 0.9974361136462164 0.013238171512928191 0.961992584348759 -0.9485378838686827 0.07097561178125815 -0.308607156455248 -31.235403614349757 
-0.3093059742940044 0.00954049020689424 0.9509146967910508 119.5189105336902 0.072000535520046 0.9973143915799708 0.013413739627711172 0.994663842170715 -0.9482329729146438 0.0726153065106165 -0.3091622193909833 -31.74375365339642 
-0.3103138681455088 0.009844798344650145 0.9505831633606059 120.84506060050681 0.07339938796751275 0.9972094394696415 0.013633227636071981 1.0235658207871041 -0.9477963213991598 0.07400279115152653 -0.3101705201084325 -32.209660070578416 
-0.3114806757216826 0.01056245390528966 0.9501937647269356 121.90450628268081 0.07490534802543573 0.9970996596284041 0.013470666811935884 1.047489137997943 -0.9472956303429392 0.07537043602991352 -0.31136845945134123 -32.58634288248842 
-0.31378509128976695 0.012138137255852976 0.9494164257380482 123.62172580610188 0.07713190254659064 0.9969394137441895 0.01274661727293082 1.0808663748678833 -0.9463559688950341 0.07722998247122079 -0.3137609619954178 -33.190737794968804 
-0.315672203067879 0.0128207549718192 0.9487816692190362 124.94154181130676 0.0789315857501867 0.9967979591200827 0.012791983265926265 1.1076016898025827 -0.9455796628227933 0.07892690380966286 -0.3156733697134443 -33.66186778732055 
-0.31752780944711967 0.012830256242560326 0.9481621391881392 126.25943608554887 0.08002321006729922 0.9967041119376102 0.013311667866181659 1.1301345596024164 -0.9448663449512755 0.08010179123544238 -0.317507991045474 -34.12691402851234 
-0.31990577206116755 0.013618580125512885 0.9473514652793975 127.70270825657862 0.08158402862114855 0.9965787421951604 0.01322340080380416 1.1423313007827394 -0.9439302818522071 0.08151897959721227 -0.3199223499975777 -34.65363703848242 
-0.32200116984984567 0.013089597234467324 0.946648760946605 129.01371176007166 0.08263814067828813 0.9964765785387547 0.014330652949211384 1.1526008212725398 -0.9431257699886876 0.08284376864081544 -0.32194832342076646 -35.13008812215484 
-0.3242500825556606 0.012804824442884954 0.945884711807445 130.3228832456554 0.08348922433576747 0.9963937906715863 0.015131584326365804 1.1643751346142583 -0.9422799302996029 0.08387758639713695 -0.3241498331698498 -35.60773251889738 
-0.32678354721437686 0.013743958850810754 0.9449992510679543 131.76003933793848 0.08474849791145206 0.9962922113379927 0.014816318025960428 1.1776230901849007 -0.9412917926994512 0.08492898392948166 -0.32673668217789836 -36.13924498201523 
-0.32927835709461617 0.014499703751033906 0.9441215440031208 133.19588212781028 0.08598326355018546 0.9961882954284712 0.01468877221793747 1.195401047448538 -0.940309882718919 0.08601533411644423 -0.32926997655213264 -36.673772268507186 
-0.3311128454462441 0.01575444440265409 0.943459616947533 134.3696276445253 0.08724208698530937 0.9960889738703682 0.013984849600474369 1.2112971596889557 -0.939549432134432 0.08693993700113692 -0.3311923044929513 -37.113254976713634 
-0.3331209671548373 0.016999840048407343 0.9427308176097633 135.8039846200297 0.08902504265605816 0.9959379186685031 0.013498356183926427 1.2311069363433516 -0.9386719323594118 0.08842322423864098 -0.333281213607282 -37.649815812800824 
-0.33469670372664717 0.01764840308467957 0.942160611684226 137.1116632196852 0.09078009785341445 0.995778146068871 0.013596300369750717 1.2497142065905569 -0.9379430280821316 0.0900800567720449 -0.33488578632060934 -38.14219344510463 
-0.33630151139100006 0.018031525611395142 0.9415817146609681 138.42679644627023 0.09257858860529918 0.9956069560870678 0.013999847198463101 1.2713728036507779 -0.9371929000748325 0.0918784631011096 -0.33649345670485764 -38.626504774941886 
-0.3377863016130054 0.018424208238244526 0.9410424702911341 139.8741799748513 0.0945732623984825 0.9954129083885338 0.014458275124459253 1.2988891505906155 -0.936459473803133 0.09388125065469244 -0.3379792818130226 -39.16450097449586 
-0.3389911577051082 0.018961467380900574 0.9405984401845157 141.187218578645 0.09624514624974036 0.9952502333490791 0.01462350047381999 1.32235347988501 -0.935853567832931 0.09548525851288235 -0.33920597744133857 -39.65507327546888 
-0.3401974033038304 0.019658021621686162 0.9401485291814866 142.63241266672603 0.09780331303968397 0.995098905909702 0.014583600156431313 1.3489320657580428 -0.9352541218069429 0.09691093036556339 -0.34045268289469904 -40.19642974613471 
-0.3413865892794125 0.01931424562200741 0.9397244939657869 143.94447057111296 0.0989528800619047 0.9949714240789598 0.015498219720990622 1.3720413598812429 -0.9346997153097951 0.0982793159158553 -0.34158110055898844 -40.68907431657935 
-0.3427740500148308 0.01913606355271217 0.939222939310678 145.25767647117388 0.10026791347300805 0.9948265499365305 0.01632431129023089 1.3930543337813046 -0.9340515669789515 0.09976946093903732 -0.3429194581806299 -41.176985382862895 
-0.34425098775694735 0.01921870259974052 0.9386809186059826 146.56744215086619 0.10103110458349604 0.9947433395666506 0.016685514460171167 1.412963497352767 -0.9334259514980832 0.10057996103496479 -0.34438306339526453 -41.665306045307176 
-0.34620443051216093 0.019725185917224348 0.9379516924858474 147.99752719568397 0.10174198679540117 0.9946717174216086 0.01663564871333424 1.4255323451811928 -0.9326259132055126 0.10118839007591736 -0.34636663451464633 -42.20066777264315 
-0.3482908199778218 0.021088399178263086 0.9371492689462358 149.29546033340088 0.10230129609206327 0.9946305295273813 0.015638308421911114 1.4338203598491972 -0.9317875203426266 0.1013182501715021 -0.3485780527061366 -42.687235882650846 
-0.3504287733439336 0.02218514007821065 0.9363265790134684 150.59169564379707 0.1027827596676787 0.9945922006963692 0.0149017040768317 1.4454544383310028 -0.9309325499825221 0.10146020167133807 -0.3508139742225483 -43.178679898173144 
-0.3529775428210531 0.02273641538690728 0.9353554821223142 152.01541297851287 0.1034555993351557 0.9945229628704317 0.014866656291486048 1.457184697083982 -0.9298945244885998 0.10201534379137753 -0.35339648062859985 -43.722122211726415 
-0.3552801636994243 0.023190196039541217 0.934472144262802 153.30675463344778 0.10380431590673907 0.9944878260477623 0.014786143312625588 1.4723039581754662 -0.92897831119809 0.10225545105019306 -0.3557290395064399 -44.2230513010386 
-0.35757660772010075 0.024141739124508885 0.9335716975200449 154.5954103480614 0.10396205618261829 0.9944812752621186 0.014102702688520785 1.4867691550962339 -0.9280791420068382 0.1020988158404601 -0.3581130651246769 -44.7260455249667 
-0.36034216256387114 0.02428523901736638 0.9325040061489365 156.01558952018823 0.10314377131374543 0.9945685517952605 0.01395565779910674 1.489757741947248 -0.9271002758980773 0.10121077796072707 -0.36088985334806917 -45.278181014423254 
-0.3629390409900865 0.024231045695471087 0.9314977603078399 157.30673831984276 0.1017030791144184 0.9947197591375998 0.013750876074424467 1.4865458591086933 -0.9262460630816335 0.09972690644932368 -0.36348700682977564 -45.78098126966947 
-0.3659973471562712 0.02367897836092808 0.9303145792975365 158.59677963535142 0.1004972020863077 0.9948357805902559 0.014215628774116381 1.4811199662493997 -0.9251736525051841 0.09869688108261276 -0.3664869270633557 -46.28533043025547 
-0.3691910308989524 0.022485068194247736 0.9290814674196581 159.88143301106106 0.0991275821927045 0.9949569298648979 0.01531117855493534 1.4869570048727567 -0.9240518048675012 0.09775033581534874 -0.36955806452059486 -46.79844271435967 
-0.37289903318765744 0.02132531249240948 0.9276268166106156 161.29478836407878 0.09730037526022407 0.9951226043439854 0.01623703370729781 1.496064453288673 -0.9227561870871871 0.09631319819210808 -0.3731552174099178 -47.367288282507985 
-0.37670163613256613 0.02101118311715434 0.9260963105566666 162.57582294188535 0.09637994192679791 0.9952057726237121 0.016624646343601227 1.5092540418520546 -0.9213071240324823 0.09551962686603989 -0.37692069888418644 -47.890130880572826 
-0.38119142378861764 0.020593248346369317 0.9242667285954111 163.98174977701845 0.09558266235100597 0.9952720989389716 0.017245452790258128 1.5246814083532416 -0.9195417802434709 0.09491768017674901 -0.3813575453956401 -48.470407053748026 
-0.38544937923484796 0.020976066968126768 0.9224905147564056 165.25384261073134 0.09606286944241202 0.9952212694626236 0.017508622204367226 1.5450526603926986 -0.9177149522505629 0.09536576022693917 -0.38562244113999045 -49.009887074608585 
