1.0 4.081301251864574e-18 2.7616365911238107e-19 0.0 4.836888591298656e-19 1.0 1.944944549148398e-18 0.0 -8.305279873115877e-19 -3.784360930135147e-18 1.0 0.0 
0.9999999506532015 -3.5321846536741005e-05 0.0003121627470504533 -0.004317682462485539 3.538255130141317e-05 0.9999999804698112 -0.00019444454038391727 -0.0013192480234307524 -0.00031215588365219536 0.00019445555277927115 0.9999999323729462 0.2452564126486796 
0.9999998469049093 -0.00016569468803795916 0.0005279528554272503 -0.009581212019925733 0.00016578464755253008 0.9999999717560345 -0.00017030646917398312 -0.0007558424240247108 -0.0005279246403763119 0.00017039394860522862 0.9999998461308758 0.48907263274875157 
0.9999996502632574 -0.0002543023974837241 0.0007967444958829712 -0.015724912340975505 0.0002546472085844645 0.9999998739828747 -0.0004326551588851302 3.008043543029082e-06 -0.0007966343980474432 0.00043285784453597775 0.9999995890039812 0.7539232136559804 
0.9999993728282571 0.0001630365841241099 0.0011080443554629615 -0.021453275658920856 -0.00016204957688495793 0.9999995900907495 -0.0008908185419359189 0.0008899249040597024 -0.001108189175254791 0.0008906383201561623 0.9999989893397887 0.9904504928180953 
0.9999991556280091 0.0006231283103015714 0.001140375750478652 -0.024595052400264772 -0.0006217799587394752 0.9999991076228736 -0.0011824298299735094 -0.007100986084906391 -0.0011411115767863858 0.001181719630498265 0.9999986507008131 1.2298718227749554 
0.9999988550568857 0.0007828944858001229 0.001294976569271703 -0.026601455869112556 -0.0007818443813285217 0.9999993652498101 -0.0008113048385732964 -0.014322087722075216 -0.0012956109584328932 0.0008102913434636669 0.999998832409723 1.4890792072500005 
0.9999986670459116 0.0006508950194370334 0.0014974125801162162 -0.02722401142517733 -0.0006503692363054423 0.9999997266781414 -0.00035165354731727413 -0.023363341520905356 -0.0014976411139928135 0.0003506791635604605 0.9999988170473693 1.725811124617601 
0.9999984387895203 0.0003335165133102554 0.001735276871556776 -0.028364213516313186 -0.00033356544356886027 0.9999999439775564 2.7878916288383655e-05 -0.02910378048197182 -0.0017352675394848888 -2.8457702366882342e-05 0.9999984940178195 1.9591563145780828 
0.9999978550313761 0.00017123802323449955 0.0020641244293184984 -0.03496967749176361 -0.00017179170168255177 0.9999999493174222 0.000268051903078463 -0.024758713417724287 -0.0020640784998232106 -0.0002684059021771621 0.9999978337674968 2.1975163681874488 
0.9999971880593711 7.154858247734052e-06 0.002371459578890683 -0.0396171500282978 -9.113504015218584e-06 0.9999996588916351 0.0008259136968808759 -0.023051190307560976 -0.0023714529491010747 -0.0008259328983288051 0.9999968470187818 2.418291816113388 
0.9999966751650327 -0.00029922131695077407 0.002561273527379563 -0.03907530215970334 0.00029699232074077914 0.9999995769069158 0.0008706222220463568 -0.025157430546034587 -0.0025615330478817307 -0.0008698585559232404 0.9999963409415239 2.6373943133980196 
0.9999963472788824 -0.0003773533427328302 0.0026763836485130307 -0.03596088128243857 0.0003743795099179072 0.9999993121229458 0.0011115734548395862 -0.030064342059215265 -0.002676801363699542 -0.0011105672912283008 0.9999958006795514 2.8756320061364984 
0.999996423922747 -0.0002086749581746038 0.0026661945685100214 -0.03504501589773851 0.00020448915975971373 0.9999987464220512 0.001570139988726454 -0.03234868249702483 -0.0026665189762244295 -0.0015695889930545626 0.9999952130229774 3.0920598493174998 
0.9999960435781665 -0.0001892666504601644 0.0028065999243795767 -0.03243893927130337 0.00018417173106306163 0.9999983350333983 0.0018154922805709943 -0.03777571737865737 -0.002806938970483183 -0.0018149680007433667 0.9999944134777802 3.3065639867964567 
0.9999951064339336 -0.00021333335093765034 0.0031211526179538195 -0.03172693525045012 0.0002068133051600184 0.9999977962964453 0.0020891701028069357 -0.04205077973614413 -0.0031215915485358677 -0.0020885141522965457 0.9999929468636437 3.5418179941073404 
0.9999946583573559 -0.00017506432089664788 0.0032638330103433155 -0.030009179950112208 0.0001675139926618075 0.9999973098965245 0.0023134692233915334 -0.04746688197784432 -0.0032642293610141244 -0.002312909871477582 0.9999919975964079 3.7514132429106413 
0.9999941054993458 -0.00016936165015080115 0.003429326429995875 -0.03014670831103944 0.00016316256879622505 0.9999983524846964 0.0018078735496777879 -0.050576761501853196 -0.0034296270940619633 -0.0018073031573603857 0.9999924856296781 3.9773933938362687 
0.9999932970513086 -0.0002180110116660992 0.003654903523370057 -0.029243781731364438 0.00021166068286082696 0.9999984676467571 0.0017377873972416738 -0.053671159063746754 -0.0036552769170593987 -0.0017370019601382078 0.999991810855265 4.17835708049632 
0.9999923360433415 -0.0004126129874147725 0.0038932762503428625 -0.028289678927257034 0.00040355734892894935 0.999997212305871 0.002326483245401178 -0.05794350902735268 -0.003894225482006479 -0.002324893998960771 0.9999897148864048 4.378828252675743 
0.9999915898339325 -0.0007797046810562895 0.004026451881368557 -0.02882645735079048 0.0007700305157749597 0.9999968147014591 0.0024036730852540675 -0.06010169808853083 -0.004028313363840774 -0.002400552114806757 0.9999890049614986 4.601175730187918 
0.9999904257746889 -0.0008876572487894195 0.0042849055382341164 -0.029847698696091995 0.0008769601546563989 0.9999964961535189 0.002497724275664652 -0.06082621076253514 -0.004287107810057796 -0.0024939423961364425 0.9999877004048893 4.797028508442511 
0.999990128189215 -0.0009287198980033529 0.0043452267019834945 -0.03132452249053275 0.0009167359167518373 0.9999957732659359 0.0027591757529710063 -0.06041897206832658 -0.004347771002596095 -0.0027551647854236736 0.9999867528909459 4.98864490649163 
0.9999899967425209 -0.0009354179747285191 0.004373945548889132 -0.03296226263704505 0.0009230824618974118 0.999995593729542 0.002821426172408784 -0.06015112019453783 -0.004376565655375004 -0.0028173601253768028 0.9999864539872786 5.193685811025156 
0.9999888850619782 -0.0009815985800118783 0.00461152987721683 -0.03413953757620919 0.0009687388687006014 0.9999956386094867 0.002790038104645726 -0.06196038543187499 -0.0046142486370498595 -0.0027855394184424453 0.9999854746359913 5.37435335397555 
0.9999879273757615 -0.000869862092222402 0.004836159028882412 -0.034930442664545425 0.0008553685357731761 0.9999951395537072 0.0029982025811059 -0.06598945413897583 -0.004838743729559915 -0.002994029356455721 0.9999838110443398 5.55020358007459 
0.9999866287558618 -0.0008408086195555904 0.005102483878997813 -0.041521514049258634 0.0008244556206568483 0.9999945202920416 0.003206191486106832 -0.06127295296530144 -0.0051051519063523235 -0.003201941490473331 0.9999818423342968 5.733765177728764 
0.9999855420244114 -0.0008820776346440659 0.005304495465721325 -0.05147234172245768 0.0008647512446829926 0.9999942868589978 0.0032677912926698457 -0.05262490024913491 -0.0053073478075550155 -0.003263156618143319 0.9999805917476083 5.894349104628812 
0.9999838008828401 -0.0012987319719871503 0.005541773683418245 -0.056935923619501394 0.0012794407435112668 0.9999931150916901 0.0034832180994815273 -0.044333825405014404 -0.005546259506287859 -0.003476070919908055 0.9999785777407121 6.04238525077311 
0.9999820964577428 -0.0016243345242138614 0.005759191578290889 -0.05825662853422603 0.0016019843840778712 0.9999911767368074 0.0038833110094651123 -0.03804975980753167 -0.005765448779320807 -0.0038740149210549127 0.9999758755153209 6.195190007565837 
0.9999812680382445 -0.0016478202316102613 0.005894764383521191 -0.06093509333747388 0.001622646432398689 0.9999895549921031 0.004272813533232263 -0.03503508787581333 -0.005901743866978247 -0.0042631679039977525 0.9999734970600391 6.324060199696198 
0.9999805881632295 -0.0015989242017492732 0.006022186006316347 -0.0640862783887812 0.001571206451669469 0.9999881645673478 0.004604567920204989 -0.0317064120974444 -0.006029477317481274 -0.004595015929200089 0.9999712652049024 6.442656892897533 
0.9999809236482607 -0.001433650072956784 0.006008075746576156 -0.06781197168828901 0.0014079663398250946 0.9999898625947053 0.00427695541499379 -0.028194692037792457 -0.006014146727573604 -0.004268414184840195 0.9999728049718829 6.5623540281534565 
0.9999804569296692 -0.0012638450031370566 0.0061227806197163715 -0.0715967992771063 0.0012410962903283947 0.9999923186901938 0.0037178284345264984 -0.02481383202753007 -0.006127432580151355 -0.003710156407641901 0.9999743443277771 6.666466450924796 
0.9999804160593874 -0.0009291912818309773 0.006189029894695005 -0.07599083106713575 0.0009078063924387047 0.9999936117233706 0.0034572251350767406 -0.020756056948498025 -0.006192203015141119 -0.0034515386090090963 0.999974871438096 6.780893461780064 
0.9999801667176335 -0.000992815241449552 0.006219363204211842 -0.0797561810659993 0.0009702050906113451 0.9999929138763803 0.003637431126468128 -0.016924694375437088 -0.006222930665908763 -0.003631324526844865 0.999974043973453 6.88309201025482 
0.9999791692713375 -0.0012266675892074687 0.006336899714494047 -0.08216195502828558 0.0012035025761933814 0.9999925848287514 0.0036581247205123633 -0.014409657370467732 -0.006341340268476285 -0.0036504216425882786 0.9999732305567293 6.9828793590589475 
0.9999785760248073 -0.0014626290700499103 0.006380297342398855 -0.08535543194175166 0.001438972487084881 0.9999920796118704 0.0037108059077743728 -0.011164959936054708 -0.006385674582433769 -0.0037015449281651873 0.9999727604939646 7.0885815253413655 
0.9999778286790677 -0.0014148724558861717 0.0065069403670955615 -0.08731300709058595 0.0013885335685551615 0.9999908323316905 0.004050584628321906 -0.007662622905550975 -0.006512612021633861 -0.004041459270675405 0.9999706258166684 7.1833430581848186 
0.999977802960963 -0.0012533339813186805 0.00654390761563778 -0.08990034976448968 0.0012260236852491598 0.9999905298810371 0.004175766045899849 -0.004840325122116851 -0.006549079522599483 -0.004167649910401277 0.9999698696741522 7.273423606129502 
0.9999775576624494 -0.0012724715924977304 0.0065776116432305414 -0.09258448679961456 0.0012453826990509998 0.9999907338385272 0.004120833288075968 -0.004079442133237299 -0.006582794587456887 -0.004112548709488062 0.9999698764278447 7.3685864422514 
0.9999755512342903 -0.0014980690256758775 0.006830278819478108 -0.09467124662141818 0.0014692393660411304 0.9999899997045703 0.004223959737024276 -0.002818322112611016 -0.006836538557536324 -0.0042138206873131 0.9999677522103227 7.451979448796082 
0.9999756412677656 -0.001530812841521508 0.006809806816690963 -0.0969955589448376 0.0015020050032862812 0.9999899107507718 0.004233484043782989 -0.0010983163522838568 -0.006816219041490403 -0.004223152091868968 0.9999678515578169 7.532585760821461 
0.9999745374886428 -0.0016707213955248882 0.006937798581837521 -0.09897570877916789 0.0016414273964434076 0.999989723432583 0.004225962096173552 0.0010052152760872124 -0.006944787953913058 -0.004214466135579895 0.9999670035558118 7.616112187691297 
0.999974234247856 -0.0016551249312859535 0.006985083154928919 -0.10081660983564808 0.0016249966177357593 0.9999893624976258 0.004316745055178832 0.004848136405117942 -0.006992153868956056 -0.004305282619881031 0.999966286597075 7.686399211597865 
0.9999738354201206 -0.0016886113795277422 0.007033992560396339 -0.1022173148104443 0.0016575779769782066 0.9999888780610514 0.004415450147511495 0.008806284499130124 -0.007041370575674336 -0.004403674742202609 0.9999655127823502 7.752335411939256 
0.9999734328819326 -0.0018109284164719403 0.00706074021701603 -0.10495476795459283 0.0017798555161953418 0.9999887155710954 0.004404640287895729 0.012646031160077342 -0.0070686372973553626 -0.004391955687573794 0.9999653719489116 7.8177699744499725 
0.9999724904793341 -0.0019725006461257257 0.00715035023850961 -0.1039683639454379 0.0019398945318171042 0.9999877024452647 0.00456418445790331 0.018525523490872886 -0.007159265435675064 -0.004550187471898273 0.9999640197113584 7.8675204231691085 
0.9999720414096112 -0.0022034930431832057 0.00714569793104742 -0.09821542806569644 0.0021708046275098606 0.999987159471326 0.004579138939701363 0.025159178938102378 -0.007155696549386235 -0.004563498495681546 0.9999639845980774 7.904535356607902 
0.9999715556444493 -0.002293478791746331 0.007185251414543562 -0.09071285064425247 0.0022612096106088765 0.9999873364415098 0.004495987307395702 0.0309664325773632 -0.0071954721485277305 -0.0044796115685152346 0.9999640784877025 7.9381086441794855 
0.9999713848257108 -0.0023399978411551324 0.007194019766763006 -0.08689686241566191 0.0023073172821094765 0.9999869971123573 0.004547736540869236 0.035914696602834195 -0.007204568191180156 -0.004531007020740672 0.9999637814328731 7.963364136327166 
0.9999712303963433 -0.00234937452524432 0.00721240593960075 -0.08301629341941857 0.002316527686976846 0.999986923421785 0.004559243297812316 0.03864727733470097 -0.007223023270529132 -0.004542403891166727 0.9999635965907505 7.979483070518671 
0.999971031194819 -0.0025238766891277522 0.0071810025129416975 -0.07612308021588474 0.002491141373777981 0.9999864822009157 0.0045639506661474035 0.03672462340271565 -0.007192424563629894 -0.0045459290600793935 0.9999638011262335 7.980832867890654 
0.9999702891862595 -0.0027333439299265854 0.007207603892640857 -0.07112757540893266 0.002699449921324639 0.9999852731208304 0.004708134296717954 0.03217235874124302 -0.007220366972143668 -0.004688537330841043 0.9999629412749983 7.979415084529058 
0.9999709391038921 -0.0027279141498927862 0.007118947279511038 -0.065324873106676 0.0026954033991192588 0.9999859136385861 0.004572454674435752 0.02631225835443618 -0.007131320534371368 -0.004553132857781152 0.9999642059861377 7.96596679835138 
0.999971780580899 -0.0026510996559382803 0.007029202753240051 -0.06231203362160076 0.0026251134632524855 0.9999896960194691 0.0037035995920834935 0.022820923511875146 -0.007038949201556696 -0.0036850422207874286 0.9999684363335476 7.954472389701023 
0.9999718302994788 -0.002516192082548961 0.007071588544800741 -0.060918310375363494 0.0024963012351038654 0.9999929072968224 0.0028202571979911994 0.022582339606564306 -0.007078634961567782 -0.002802524635117499 0.9999710189743733 7.949402865933224 
0.9999718085566814 -0.0024133303332748005 0.00711040848263641 -0.06750222038176007 0.002389931702933397 0.9999917074333585 0.003297469491789508 0.03348958130466739 -0.007118307669571529 -0.0032803827841515225 0.9999692839234745 7.952316196464115 
0.9999720465462917 -0.0025714432076392076 0.0070209532976572625 -0.07235720237661789 0.002546960911428862 0.9999906531215472 0.003493805202718635 0.04113576910462435 -0.007029872059924574 -0.0034758250660378966 0.9999692492994158 7.955142141099381 
0.9999712915276452 -0.002652830406992919 0.0070977876935224525 -0.07631995937813821 0.002632590434735362 0.9999924464290785 0.002859469828741212 0.04595417053715001 -0.007105320034061084 -0.0028407018636222993 0.9999707219944224 7.955994757377758 
0.9999710340448945 -0.0024979217267562985 0.007189675781350811 -0.08116682172451878 0.0024757421614321966 0.9999921544165887 0.00309221934861591 0.05184945522680506 -0.007197343765692811 -0.003074329663364556 0.9999693729038656 7.959119228464103 
0.9999719813316965 -0.002476307613092669 0.007064306904980462 -0.085345053409493 0.0024524304827940194 0.9999912579508775 0.0033866828981479235 0.05695895777229221 -0.007072631882996865 -0.0033692629193598144 0.9999693125047603 7.9606237905297315 
0.9999716203035571 -0.002467829112994405 0.007118172997282257 -0.08927992574411173 0.0024459334256325383 0.9999922557898187 0.0030831452064052295 0.06164938885102311 -0.007125726815177671 -0.0030656467985086637 0.9999699124638173 7.960239390973551 
0.9999717017318595 -0.0024833104133588136 0.007101329782325398 -0.09142651248723765 0.0024617267038023775 0.9999923291353848 0.0030465696113716836 0.06164984692114617 -0.007108841153338176 -0.003029001537823313 0.9999701443208047 7.963555014108285 
0.999971507255087 -0.0024859290621699935 0.007127749605528477 -0.09383506642158615 0.0024630854751692835 0.9999918083570769 0.003211922034203262 0.06304618003537454 -0.0071356760956012115 -0.0031942739145827954 0.9999694389063085 7.965932993751177 
0.9999709758260704 -0.0025056628771200837 0.007195077383824707 -0.0963143194527577 0.0024828338509815845 0.9999918612217685 0.003180100762770202 0.06390502482337235 -0.007202987355196279 -0.0031621439385287288 0.9999690584336831 7.968455077820276 
0.9999713570019916 -0.0023992103933899193 0.007178366478452388 -0.09964696754747066 0.0023766510557435023 0.9999922157020776 0.003149615678976152 0.06661689640839119 -0.007185867459974253 -0.0031324646528406177 0.9999692750179452 7.968644386329102 
0.9999699568568292 -0.002490098390459819 0.007340624853575028 -0.09739945990086454 0.00246745472288396 0.9999921749573266 0.0030922007917744466 0.05385388113459111 -0.00734826757222444 -0.0030739949006071067 0.999968276259364 7.976564866209055 
0.9999703086417432 -0.002514404397088263 0.007284201045206765 -0.08997047735668895 0.0024899104379477576 0.9999912224149323 0.0033697854263678674 0.03529715489263585 -0.007292610384647366 -0.003351548000418677 0.99996779196415 7.984096918193562 
0.9999698826190168 -0.002519758062890394 0.007340616698857814 -0.07732725603661766 0.0024955273289558326 0.9999914138649814 0.003308255489440828 0.009854651343848886 -0.007348889950501039 -0.003289836786862159 0.9999675848728241 7.992080794751138 
0.9999698410006573 -0.002612592474680329 0.0073137834570666665 -0.06945139485409546 0.0025891724719249746 0.9999914964444128 0.0032098660411387413 -0.005591001258661743 -0.0073221076102486845 -0.003190832242301228 0.9999681021591356 7.996796438187029 
0.9999690848322864 -0.002775853916150558 0.007356901008517045 -0.05965328201851505 0.002750710263334379 0.999990349149045 0.0034256704672158632 -0.023200282740047595 -0.0073663394455846685 -0.0034053274888096565 0.9999670698547034 8.003028876281032 
0.9999679469045761 -0.0027434698164882326 0.007521869086439064 -0.05314540815102664 0.002718550014911267 0.9999907893250171 0.003321259854393405 -0.03677777895318224 -0.007530911863465247 -0.003300704462715073 0.9999661947899736 8.007940703171183 
0.9999676740389243 -0.0027837046239537664 0.007543331042748157 -0.04259269206873595 0.0027578279003370888 0.9999902848275515 0.0034386991969449165 -0.041324469471839875 -0.0075528303642972815 -0.0034177844578239442 0.9999656361640809 8.012336782750534 
0.9999665568435734 -0.0029197630141509457 0.007639381838555104 -0.031478982169464764 0.002893880012754311 0.9999900428094117 0.0033970218858556007 -0.040379055236502426 -0.007649224557471313 -0.003374800458478466 0.9999650494351391 8.016767830603769 
0.9999671827958159 -0.0029844009695046635 0.007531710197874379 -0.024974151311687398 0.002958657853213856 0.9999897514630474 0.003426854269809031 -0.03746362648405366 -0.007541860399072866 -0.0034044576870148092 0.9999657644218224 8.01951520043217 
0.9999661623471083 -0.0030595223119076866 0.007636325011827352 -0.016630558879521362 0.003032857528319499 0.999989272214053 0.0035010355796854576 -0.034353440460605955 -0.007646954874450256 -0.003477756849462268 0.9999647140247846 8.02264038454462 
0.9999658846434485 -0.0030131300011616447 0.007690940952250554 -0.010730102857069879 0.0029874330445212784 0.9999899244503297 0.0033505610525627495 -0.035199617114720416 -0.007700959426406307 -0.0033274702155936696 0.9999648109669909 8.02585187251018 
