1.0 -1.9902309140542506e-18 -5.499659318635917e-17 -5.551115123125783e-17 1.3510120599546416e-18 1.0 -1.524348254150706e-18 0.0 2.409882523400101e-17 -3.784360930135147e-18 1.0 0.0 
0.9999982673853665 0.00133194800361422 -0.001300441565296478 -0.009303535328468948 -0.001330507428244531 0.9999985008715248 0.0011081506593717365 -0.004006703641927789 0.0013019156591429475 -0.0011064183615413627 0.9999985404256071 1.7621414029059306 
0.9999942474595331 0.0023338017741121697 -0.0024613877958302344 -0.019750053978125348 -0.002330890092862386 0.9999965810056416 0.0011852919015520982 -0.0061737057589863475 0.0024641457030061694 -0.0011795477162637586 0.9999962683189819 3.520355239790357 
0.9999849687609248 0.004113208891846979 -0.003625435929842122 -0.03484851236034575 -0.004104925447406012 0.9999889538828115 0.0022894716733039716 -0.006243791745448202 0.003634813083931472 -0.002274554843927497 0.9999908072238157 5.4515199755105215 
0.9999751862122632 0.005324126333877719 -0.0046130970454869615 -0.04984530692073341 -0.005308384279071261 0.9999800682925171 0.0034181941223674216 -0.004624888441157937 0.004631204154944787 -0.0033936208093381 0.9999835175056826 7.203782017439461 
0.9999631764205392 0.006462604855103744 -0.005646288291674673 -0.06616376158789875 -0.0064435091272774 0.9999734811567841 0.0033938394709210665 -0.002654106154428071 0.0056680717988020594 -0.0033573321856893443 0.9999783004043606 8.952138126850574 
0.9999469995084743 0.007733562984454653 -0.0067963381141337995 -0.08516717584998362 -0.007713540834292665 0.9999658470684435 0.0029674826586381276 -0.00033748078566298023 0.006819055452936217 -0.002914901194556518 0.9999725015372762 10.870535601358522 
0.9999315901780825 0.008488286247393218 -0.008047608149680849 -0.10319954831468342 -0.008476340247347542 0.999962923685446 0.0015175232034590647 -0.0007369602118686425 0.008060191233923092 -0.0014492049351556928 0.9999664659975873 12.610346012923046 
0.9999207064385107 0.008761005200924326 -0.009045753728490891 -0.12325634153845019 -0.008763802382220723 0.9999615608162964 -0.00026948682663336044 -0.004461753140643565 0.00904304537062208 0.00034874064266247537 0.9999590500154213 14.346837461031772 
0.9999073110391408 0.008952233456957797 -0.01025801560417767 -0.14680332085332498 -0.00897164178704994 0.99995804742405 -0.0018474309630223016 -0.012113939182437417 0.010241046997475077 0.0019392907754210089 0.9999456785768508 16.254155803148926 
0.9998955488582618 0.008905480708085042 -0.011383489096427684 -0.1707081699469366 -0.00893289918684817 0.9999573161004016 -0.002359927006267709 -0.021489059286340928 0.011361987339197573 0.0024613678201893664 0.9999324211709845 17.985061938296752 
0.9998847986561499 0.008719404726446977 -0.012424227703835776 -0.19563059588104514 -0.008763675130853577 0.999955426884766 -0.0035131480761773975 -0.033263291636880465 0.012393041816838948 0.003621624872299448 0.9999166446978677 19.711873641869445 
0.9998766743281734 0.008194384426428275 -0.013397321860486481 -0.22524615639576998 -0.008244055190805497 0.999959332276104 -0.003656407661157959 -0.04618363415368765 0.013366815507230394 0.0037664045990144033 0.9999035665682052 21.607978568948454 
0.9998622096495963 0.008692265061608941 -0.014142357601219579 -0.25431510487628745 -0.00873240829146806 0.999958009800475 -0.0027791452325652438 -0.056102531098901065 0.014117607214106967 0.0029022588410988737 0.9998961296342 23.328892772971837 
0.9998525707970997 0.008901134111564533 -0.014683545827385605 -0.2843943313016887 -0.008918087677761 0.9999596395958804 -0.0010894295900901528 -0.06497671154336626 0.01467325657072941 0.00122021802696027 0.9998915974284852 25.0473358813155 
0.9998423731845992 0.009760880470554914 -0.014830847419228686 -0.3203931291432005 -0.009766492497134313 0.9999522598600736 -0.0003059216867302726 -0.07284767953684712 0.014827153867044175 0.0004507188156914496 0.999889970126496 26.932276148906375 
0.9998405583240512 0.009986139003022866 -0.014803209001216478 -0.35272546331070054 -0.009978187831349718 0.9999500299622262 0.0006109898303211165 -0.07999889237559221 0.014808571250140208 -0.0004631831179975268 0.9998902398152658 28.643477360926823 
0.9998409020457861 0.009967981170119098 -0.014792227225699577 -0.38449177643543553 -0.009959068381773004 0.9999501786119822 0.0006761754953269756 -0.08530965281149072 0.014798230896927311 -0.0005287510120858509 0.9998903603813694 30.350297101122646 
0.999848809638267 0.009057789992080926 -0.014842989652807156 -0.41716850617027745 -0.009025242977456275 0.9999567214321233 0.0022583659739951563 -0.08838256502877528 0.01486280360834275 -0.002124062657287193 0.9998872863604874 32.225417974507096 
0.9998522674816187 0.008182873790657942 -0.015115681339753334 -0.4469232660939313 -0.008165645500022268 0.9999659390648887 0.0012012121642364167 -0.08984304035250668 0.01512499639957397 -0.001077605244952086 0.9998850300158791 33.92405851295562 
0.9998593042651881 0.007051054370042869 -0.015220195043708301 -0.47504324581522106 -0.00705053601911216 0.9999751407939725 8.778544230444203e-05 -0.09187220283618314 0.015220436214662517 1.9537482116057396e-05 0.9998841622602054 35.615148291063605 
0.999859355213358 0.0066237325346886556 -0.015407660066935084 -0.5092823257806884 -0.006618834696340885 0.9999780272069502 0.000368920411380178 -0.09630466896277046 0.01540976570690589 -0.0002668876963959419 0.9998812268919758 37.47090522450058 
0.999864093854546 0.005741172257411205 -0.015454215852503894 -0.5394835307146816 -0.005712061082912116 0.9999818288697512 0.001927242438527085 -0.10011311065456407 0.015465000219878264 -0.0018387048362290064 0.9998787191113349 39.1507912985203 
0.9998622752028886 0.005547497731867568 -0.015641480758165693 -0.5702399644255542 -0.005493645327299518 0.9999788411117185 0.0034838436056852497 -0.10210011379593098 0.01566047697647249 -0.0033974346139453208 0.9998715952047225 40.82216711542585 
0.999866699049664 0.004006710240517489 -0.015828152888918742 -0.6032342278326344 -0.003942645102366201 0.9999839178356655 0.0040767146546341 -0.1033140457793792 0.015844233117674966 -0.004013765932158877 0.9998664160566207 42.64714390775504 
0.9998635694945132 0.0033469879051117968 -0.01617529245540984 -0.6337504258339748 -0.0032808176011748305 0.9999861486743571 0.004115662866557335 -0.10508997313168766 0.016188844057829468 -0.0040620326710913476 0.9998607009062562 44.29414163904165 
0.9998549874547232 0.0027115311077407335 -0.016812247743614023 -0.6631733712537827 -0.0026452005631540376 0.9999886353107812 0.003966377625029207 -0.10539463398296456 0.016822812235274254 -0.003921330188660306 0.999850796947535 45.92509885756657 
0.9998443698773072 0.0026809789045087276 -0.017436983381851602 -0.6976558505869763 -0.002620943135060773 0.9999905622410337 0.0034649781990188653 -0.10850449932764261 0.017446108974572792 -0.0034187371634724012 0.999841960270314 47.70415141045691 
0.9998314290285992 0.003100277004195575 -0.01809701144434303 -0.7326833785313485 -0.0030445794046282293 0.9999905462885119 0.0031044896127032508 -0.11122976618363978 0.018106465788437883 -0.003048868099402264 0.9998314159396933 49.305564114281815 
0.9998184902449117 0.0036385676698397745 -0.018701534847131947 -0.7683830974296162 -0.003561149410968904 0.9999849589476641 0.004171340037028904 -0.11435215846222824 0.01871643192899062 -0.004103983417449006 0.9998164093950566 50.89276035426952 
0.999801970530088 0.004503083707001125 -0.019384065109956522 -0.8087617657313082 -0.0043954217555490505 0.9999746978154938 0.00559320826892556 -0.11738944314867605 0.01940876202682624 -0.005506898823584907 0.9997964662973607 52.61928652033953 
0.9997869789632505 0.005038947964951646 -0.02001513725618826 -0.8449511114237167 -0.004910259490930748 0.9999669907306437 0.006473544797168337 -0.11983188314285498 0.020047097138437196 -0.006373885493260983 0.9997787192565123 54.16990635426016 
0.9997744677372655 0.005333034669213827 -0.020556566419215012 -0.8815732985275002 -0.005203204786165321 0.9999662118842109 0.0063640969562301425 -0.12205681895567388 0.020589812533221747 -0.006255700849282762 0.999768436101828 55.702351742154576 
0.9997585771663801 0.0051647134972378226 -0.02135680538989872 -0.9222079421347966 -0.005076980902971883 0.999978458407172 0.0041601640485232514 -0.12521977487483482 0.02137783215212822 -0.0040507310745749895 0.9997632619136083 57.364526969023885 
0.9997373142489585 0.004421817597786687 -0.022488887104041483 -0.9588120555750146 -0.004350173544185855 0.999985309444604 0.0032337077285514385 -0.1302762733492917 0.022502856405361323 -0.003135027297881469 0.9997418632132575 58.86032591202319 
0.9997121571325593 0.003900597621336617 -0.023672520608868465 -1.0020936828810938 -0.0038221383387648518 0.9999870550110065 0.003358727689450149 -0.13518920130974088 0.02368531606611752 -0.00326728081692169 0.9997141244794622 60.48763781245766 
0.9996875726039964 0.00386258382882714 -0.024694890936884227 -1.0431044319720097 -0.0037711696283261706 0.9999858680173186 0.0037472694722405827 -0.13911006809555393 0.024709016980334526 -0.0036529696148974375 0.99968801148086 61.95241449949344 
0.9996619392269235 0.00438264326898082 -0.02562810393085828 -1.0860645284070292 -0.004254611102529742 0.9999782067668292 0.0050481935473255315 -0.14217134861275948 0.025649670762627978 -0.004937448700684697 0.9996587997890688 63.40347803289894 
0.9996291945108455 0.004807496149726359 -0.0268022662203523 -1.1332992116175076 -0.004679977790419396 0.9999774398008237 0.004818472550234005 -0.14752443931230463 0.02682482730701548 -0.004691251213607468 0.9996291416367251 64.9835715779255 
0.999595233682337 0.005553503432372228 -0.027902104089282145 -1.1773752892873817 -0.005444911016371556 0.9999773100026782 0.003966409045801812 -0.149987785220573 0.02792349946196051 -0.0038128785907374247 0.999602791184746 66.40616915579679 
0.9995636680313452 0.0057738570021541626 -0.028967846652858686 -1.2234631041098767 -0.005680549567630043 0.9999784126414554 0.003302360261205544 -0.1536856030160545 0.028986289714994062 -0.0031363656094099933 0.9995748887557403 67.82016826113028 
0.9995248417685237 0.005315415606276744 -0.030361769602615333 -1.2750856252759624 -0.005253110326516394 0.9999839305861774 0.002131520104233653 -0.15838452261478664 0.03037261272104351 -0.0019710132618923964 0.9995367024365431 69.36484560300501 
0.9994877511283659 0.004836186532657486 -0.03163616046810606 -1.3230037919742854 -0.004799900358338119 0.999987732709503 0.0012228512623563392 -0.16214665558800867 0.03164168746255577 -0.0010703742326677531 0.999498703316013 70.76023989968691 
0.9994507616539531 0.004548146114122269 -0.032825133633701854 -1.371786828437134 -0.0045143692228636735 0.9999892018013906 0.0011030550219500504 -0.16611921761095882 0.03282979722796197 -0.0009542642115466049 0.9994605013769822 72.15000584222341 
0.9994073048411918 0.004588954420412689 -0.03411715883556128 -1.4278400971308038 -0.004545749767494847 0.9999887650519251 0.001343840809855009 -0.1729690066665024 0.03412294359285522 -0.001187956027583063 0.9994169367697706 73.67083311353709 
0.9993678587830956 0.004054841270693608 -0.03531913204997627 -1.4796867442852997 -0.004025759681787357 0.9999914965288401 0.0008944887769017199 -0.18014022073876546 0.03532246000716798 -0.0007517368153970096 0.9993756844822784 75.04538263664995 
0.9993214941051219 0.003926892352691555 -0.036621454477283086 -1.5317858598193115 -0.003946249556957854 0.9999921094161361 -0.00045629111262573496 -0.1864564317241988 0.0366193750396877 0.0006004989437686638 0.9993291053496681 76.40859275798415 
0.999277803709224 0.0027083951497288983 -0.037901656876351074 -1.5899075208085331 -0.0027807703462704456 0.9999944094954467 -0.0018569548717195562 -0.194397164268162 0.03789641700268197 0.0019610094651944833 0.9992797486433842 77.89971658907847 
0.9992320384005908 0.002882111120654214 -0.03907719093892429 -1.6457835390845623 -0.002953017404250299 0.9999940964557245 -0.0017569087492185988 -0.20137596871023178 0.0390718980645391 0.0018709550250722556 0.9992346502899591 79.24850304751966 
0.9991872151915909 0.003204280221727062 -0.04018260279293618 -1.7039881237926442 -0.0032152455622020057 0.999994809391991 -0.00020825398829437398 -0.20870312342791497 0.04018172837875019 0.0003372817261143504 0.9991923313254457 80.59115422367323 
0.9991414299224409 0.004005483347896919 -0.04123541072727298 -1.770801640478057 -0.003985169806324142 0.9999918939556454 0.0005748268973375453 -0.216043258960388 0.04123738042921633 -0.00041000309749855435 0.999149293343739 82.05872222588908 
0.9991019071084785 0.004752108826061697 -0.04210459187437977 -1.831693789054521 -0.004742713838224509 0.9999887010811176 0.0003230385791151028 -0.21990612937941934 0.04210565278320614 -0.00012305830341954844 0.9991131562035287 83.38182909067564 
0.9990574150085233 0.004785278829893433 -0.04314374350413621 -1.8925297390585085 -0.0047838942991578004 0.9999885479408637 0.000135353981679061 -0.22368945813388486 0.04314389869495994 7.116881653788847e-05 0.9990688659855301 84.69823928264802 
0.9990028561291182 0.004455479782606853 -0.04442344112903928 -1.9599846508608367 -0.004437339145174266 0.9999900264392922 0.0005069741598668598 -0.22814136641492178 0.0444252584968912 -0.000309346605516397 0.9990126629611079 86.13667364638827 
0.9989578519689707 0.00399436759395856 -0.04546707587281627 -2.0230625119733334 -0.00398463832297299 0.9999920148883087 0.00030462834117934393 -0.2313570012447017 0.045467931263787696 -0.00012314088524533018 0.9989657912612341 87.43425286414418 
0.9989034519711218 0.00327610762908681 -0.046702898453495324 -2.093115998476337 -0.0032387475847711006 0.9999943718867048 0.0008756103321494987 -0.23647953689137902 0.04670550589456042 -0.000723391076793928 0.9989084404864382 88.85215102100562 
0.998857273704164 0.002551649963643951 -0.04772458286526561 -2.1561439774532936 -0.002461411648010847 0.9999950704427373 0.0019494950512718367 -0.23948490549843826 0.04772932376415646 -0.0018297971315395537 0.9988586304119955 90.12733476211255 
0.9988097578691145 0.0023851713837588517 -0.048717332626067 -2.218947995281561 -0.0022727699369645073 0.9999946265628098 0.002362488378282836 -0.24066971366722634 0.04872270755223863 -0.0022489527691490025 0.9988098117439157 91.38543602564013 
0.9987549725807892 0.0016278762670229783 -0.049858346466473503 -2.289652823517691 -0.001507189561207173 0.9999958430560748 0.002458097402974335 -0.24391723988628122 0.04986214249374225 -0.002379890620262036 0.9987532743002945 92.75411220657637 
0.9987030672388628 0.0010552915617659739 -0.050902551898695574 -2.3550946470451377 -0.0008954564484769772 0.9999945976389307 0.0031627277261684476 -0.24807718083311459 0.05090561634788803 -0.0031130443712906867 0.9986986168212231 93.98284870741475 
0.9986528137364205 0.0012454214007464476 -0.05187491187609909 -2.4223154637087956 -0.0010289440977661263 0.9999906524217476 0.004199564162971899 -0.25335722443429953 0.05187965907437055 -0.004140529571676149 0.9986447601889861 95.19593612702603 
0.9985934434128341 0.001856599981912691 -0.052987618828033205 -2.4983438571321903 -0.0016024585185695514 0.9999870112588592 0.004838329671628825 -0.2594202738739614 0.05299591534328902 -0.004746613141633665 0.9985834480338693 96.51099708063248 
0.9985468549135318 0.0023262703987539973 -0.05384019824787997 -2.5668899005889854 -0.0020380471467836667 0.9999833019625921 0.005407601323210004 -0.2639881563783989 0.053851880709724596 -0.005290013682447242 0.9985349221574418 97.68738961434981 
0.9984946789374017 0.0032339126625153983 -0.05475324540703433 -2.6351485645348225 -0.0029590020322909365 0.9999826107016055 0.005101234082210263 -0.2689410348340947 0.05476879221081469 -0.004931539412013821 0.9984868849368993 98.8451431883441 
0.9984389887211352 0.003748460504230039 -0.05572732529227468 -2.70965571516748 -0.0035692414274426584 0.9999881349301059 0.003315192064210673 -0.27352797510091176 0.05573909296901719 -0.003111112229244005 0.9984405212996121 100.09629369427307 
0.9983857335148439 0.003779983240688589 -0.05667132234596968 -2.776310761096866 -0.0036564033871640048 0.9999907065582766 0.002284183506998017 -0.2781933299831193 0.05667943190547442 -0.0020732826229263772 0.9983902761843083 101.21925476031224 
0.9983251875039687 0.004639664619908807 -0.0576653573907531 -2.8420093106150834 -0.004527631147996337 0.9999876008329931 0.002073334471457431 -0.2827904598958638 0.057674264057508744 -0.0018087741959170772 0.9983338157582073 102.32826120941486 
0.9982669926669228 0.004637514322121323 -0.05866433963361364 -2.9162332872203622 -0.004511436423047397 0.9999872209523947 0.0022814146499647255 -0.28805038745556255 0.058674172180732106 -0.002012800116287438 0.998275157580866 103.53328371338948 
0.9982087125237684 0.005274611127119678 -0.05959483744473472 -2.9849133020542142 -0.005124674609611989 0.9999833082489975 0.002668503484491832 -0.29156733015972647 0.05960792018210787 -0.002358318848233696 0.9982190813020444 104.61478113056314 
0.9981442655391543 0.005289118858737685 -0.06066341830129518 -3.060762278634567 -0.005139124409404484 0.9999833404692055 0.002628338181059183 -0.29514267455798826 0.06067631147062043 -0.0023117034030229228 0.9981548183270268 105.79173492855148 
0.9980821226491918 0.00567225625486945 -0.06164334417990756 -3.130751549806762 -0.005540558434678056 0.99998198937956 0.0023071853805960983 -0.2963305971222633 0.06165532312860261 -0.001961221542400173 0.9980955740006558 106.84960707931428 
0.9980117764943998 0.006053605389484971 -0.06273633526080466 -3.2011527876069366 -0.005913918387593664 0.999979603592252 0.0024120412841260913 -0.29777134083132617 0.06274965948748161 -0.002036227639603979 0.9980272211293442 107.89905634644322 
0.9979465202992257 0.006126920972255741 -0.06375894744984892 -3.276793440140922 -0.00597802664957012 0.9999789415460514 0.0025257941337313654 -0.300933532122459 0.06377308243942045 -0.0021394543645139336 0.997962131946479 109.04435496001688 
0.9978852904290416 0.005658650903199825 -0.06475281250630105 -3.346552987880699 -0.005522567867429188 0.9999821503669274 0.002280387552992479 -0.3056218279702979 0.06476456295951297 -0.001917963001621527 0.9978987287869988 110.07602325350415 
0.9978152427610751 0.005638039299273613 -0.06582517553472379 -3.416530701648574 -0.005497028562893334 0.9999821926866177 0.0023231363403504323 -0.3079870660548215 0.06583710368816088 -0.0019562175818184724 0.997828466775354 111.09725302914246 
0.9977239509065361 0.005624204657772119 -0.06719587793335674 -3.4934507417754155 -0.00544615736566663 0.9999811577330692 0.0028325827409728115 -0.3110986372921333 0.0672105452733486 -0.0024601758571294687 0.9977357817883408 112.20871265735921 
0.997642902344044 0.005602706702751335 -0.0683904158251046 -3.5637217017407488 -0.005416136392034163 0.9999810893202606 0.002913150322266673 -0.31354985225363874 0.0684054465235704 -0.002535871449715255 0.9976543812207581 113.20616942444053 
0.9975644520128206 0.005462523587587474 -0.06953649982157473 -3.6345537765395792 -0.005277138933745236 0.9999820160799636 0.0028494382173210133 -0.3169486729482106 0.0695508169289075 -0.0024755440344783144 0.9975753383471376 114.19429924938244 
0.9974858831081597 0.005717948917921648 -0.07063439634563264 -3.713955882422585 -0.005586881004259517 0.9999822857734948 0.0020530161385142586 -0.31950655518099247 0.0706448867179852 -0.0016532282712661665 0.9975001588744122 115.27203722302139 
0.997429668194122 0.006042641662042955 -0.07139708238135527 -3.785661897210724 -0.005966142013353357 0.999981377176353 0.0012846882406578751 -0.3235683167395206 0.07140351827106539 -0.0008554207446351626 0.9974471444519186 116.24668167010532 
0.997381832652618 0.006041835858593564 -0.07206230634357956 -3.8572895443756674 -0.0059904822021018805 0.9999816255942705 0.0009287468069698054 -0.3273051644925583 0.07206659619665043 -0.0004946269802703691 0.9973996998201781 117.21697962865429 
0.9973339385374199 0.006247159472494671 -0.07270479983648832 -3.9356344068050193 -0.006190145836794532 0.9999803313019661 0.001009493364739551 -0.3313487515860706 0.07270967893634223 -0.0005567484219367666 0.9973529930610042 118.27971049470389 
0.9972842769827472 0.006237388603013943 -0.0733836885314935 -4.006143872275863 -0.006159744322945818 0.9999802037958228 0.0012843440312415595 -0.3360244474789179 0.07339024943244697 -0.0008288310593583749 0.9973029552137077 119.24052787779955 
0.9972244007227021 0.006226107098092305 -0.07419386811476106 -4.083494785056536 -0.006150327137850559 0.9999803055033533 0.0012498219058250885 -0.34161658699835507 0.07420019112508797 -0.0007900360524240359 0.9972430534401223 120.29168862662527 
0.9971706832124766 0.006373822842627294 -0.0748999518905723 -4.155773242569803 -0.006290271808091218 0.9999793029175124 0.0013513659765600758 -0.3455994719670691 0.07490701776906268 -0.000876401178406125 0.9971901377209 121.24156770417989 
0.9971223779840507 0.006934193622030354 -0.07549092760372773 -4.229241080225704 -0.0068212791500299064 0.9999751973896348 0.0017534900800020457 -0.3493246879079789 0.07550121701365803 -0.0012334991652817665 0.9971449467704768 122.18637326446745 
0.9970763354182112 0.007134074811056945 -0.07607815843956066 -4.308136788693471 -0.006970970383874162 0.999972800129247 0.002409262219029915 -0.3546250584989591 0.0760932797424988 -0.0018718793376843888 0.9970989464486166 123.22062851268028 
0.9970350547826852 0.0070569289632328855 -0.0766244031045399 -4.380770440674093 -0.0068679609229653086 0.9999726903263234 0.0027294112209754525 -0.3578294557920553 0.07664157455939988 -0.002195064804104851 0.997056292746409 124.15672623616737 
0.9970003003850332 0.007050063668854023 -0.07707592033299959 -4.452579424354974 -0.00688336117953326 0.9999733609702735 0.002428303900349596 -0.36078744435945487 0.07709098960072457 -0.0018904778980518447 0.9970222693519906 125.08714608092167 
0.9969667230760094 0.006965838080346423 -0.077516643614169 -4.532953661182527 -0.006790188304141812 0.9999737475801929 0.0025293209961652456 -0.3630564072422816 0.07753223026934629 -0.001995295823028335 0.9969878495920965 126.1057189886412 
0.9969164600578895 0.006956137909621482 -0.07816126704464063 -4.604833453211938 -0.006739369608159893 0.9999726789735124 0.0030368035332086958 -0.36445707140176375 0.0781802588591545 -0.0025006812656391637 0.9969361032137667 127.02560990456502 
0.9968880200028126 0.007002108122291011 -0.0785190799107708 -4.676927480184388 -0.006731033363025979 0.999970439981416 0.0037164937167993633 -0.3660383573837044 0.0785427850239383 -0.003176412942824179 0.9969056833501724 127.93663742276021 
0.9968872514894341 0.006961175430393391 -0.07853247549638323 -4.756518786984883 -0.0067002773150218065 0.9999711258905 0.003585197555088456 -0.3680399701337268 0.07855516797879952 -0.0030478478140402456 0.9969051090159399 128.92743108762997 
0.9969304604178749 0.006792110550130912 -0.0779969498159031 -4.8273335138500615 -0.00657261439783249 0.9999736858788703 0.003070547547607071 -0.3705306766764561 0.07801575572339706 -0.0025484780051067595 0.9969488689451537 129.81608395680843 
0.9969750672018666 0.006144404483027056 -0.07747878114141965 -4.894647235521933 -0.005971199167818504 0.9999791291048004 0.0024670041536315034 -0.3719848099862956 0.0774923251740363 -0.0019968999632715852 0.9969909488554497 130.69278233385026 
0.9970177172959676 0.005767335554468967 -0.07695719001902397 -4.966597164879487 -0.005575615242093516 0.9999807951127638 0.002705900219595376 -0.3730752109816925 0.07697132069253948 -0.002268746313734126 0.9970307260803175 131.64493913021943 
0.9970389844725895 0.005016358933048328 -0.07673395233133645 -5.032667917052096 -0.00479828854983015 0.9999839096846704 0.0030260167649125576 -0.3745048890433459 0.07674790002815206 -0.002648864529898009 0.9970470116919251 132.49893442883376 
0.9970594883308893 0.0035881592675658827 -0.0765473820136606 -5.101999921715515 -0.0033350858905320823 0.9999885434286029 0.003433685845290195 -0.37546337514814565 0.07655882843076937 -0.003168296392143541 0.9970600322205831 133.42321929688205 
0.9970831569688943 0.0021918268772518597 -0.07629137454357751 -5.1639539917818436 -0.0019218777610518413 0.9999916311850373 0.0036116391053983474 -0.3778512653342946 0.07629865492872709 -0.003454481227117143 0.997079024941547 134.2522162989989 
0.9971232664616373 0.001746480884616869 -0.0757769168791652 -5.224999845368635 -0.0014329017130114141 0.9999901853903956 0.004192363243937999 -0.37707654599726526 0.07578349778614388 -0.004071721390896304 0.9971159825756929 135.06765164972964 
0.9971433021525673 0.0019522793615832704 -0.07550777063436048 -5.293006348168192 -0.0017058212197951816 0.9999930060354998 0.0033283698959879916 -0.37852387668777443 0.07551374318160005 -0.0031900584260901783 0.9971396583614682 135.95336676340307 
0.9971679444530146 0.0012976488294937335 -0.07519578784654542 -5.351374482178844 -0.0011227507641519143 0.9999965656839916 0.002368131209994738 -0.37897262941895915 0.07519860533218668 -0.0022769979429271042 0.9971659767536096 136.7485763060008 
0.9971978439385873 0.000551931655360997 -0.07480745458069676 -5.41701231457064 -0.0004859577305389342 0.9999994768159745 0.000900116806068925 -0.380809318024688 0.07480791496421262 -0.0008612409813303219 0.9971975903902466 137.6161892128178 
0.9972257623101656 -6.867869998425803e-05 -0.07443637626774612 -5.475890188022642 3.699296412009331e-05 0.9999999081282666 -0.00042705418193219246 -0.38322637080390376 0.07443640146721281 0.00042311595764591087 0.997225673188108 138.39630946505633 
0.9972669357542782 0.0003799103917200623 -0.07388175937327089 -5.534705605728405 -0.00046338188359462614 0.999999273631536 -0.0011126596834211348 -0.38476177166858017 0.07388128568711474 0.0011438542456134475 0.9972663873690021 139.17052597182106 
0.997289708207522 0.0010727240132414433 -0.07356688806971436 -5.599501913529938 -0.0011386500271126127 0.9999989869056357 -0.0008542003625504304 -0.3833781812689966 0.0735658998963914 0.0009356522564301307 0.9972899192707869 140.01513731899269 
0.997314051656892 0.0015892050973965238 -0.0732267482052073 -5.656251316470018 -0.0015727354851337333 0.9999987233222061 0.00028257583162386783 -0.3856352488409759 0.07322710645204826 -0.00016665032953245946 0.9973152777624752 140.77808739284322 
0.997344950058253 0.0025132609155354953 -0.07277866429872906 -5.712771085809524 -0.0024569884009152327 0.9999966094470646 0.0008627225933760251 -0.3900532362750647 0.07278058843096318 -0.0006816154170099431 0.997347743515736 141.5339457567139 
0.9974062691925791 0.003093078352135921 -0.07191082611460117 -5.772505749510396 -0.0031012601447864704 0.9999951910715108 -2.118814765910426e-06 -0.39173220001208986 0.07191047636277288 0.00022512766285551723 0.9974110651335568 142.35202775264355 
0.9975169617279602 0.003657872599208931 -0.07033157835218644 -5.824191416044736 -0.003727462628178472 0.9999926846948225 -0.0008582318502486667 -0.3929926696711138 0.07032792711304253 0.0011182592159370934 0.9975232991269699 143.085968795639 
0.9976142086635668 0.0045381202458588624 -0.06888610910500255 -5.875006312565942 -0.004640781163084598 0.9999883466094103 -0.0013303288447072221 -0.39474511730732964 0.06887927166520255 0.0016468403093914219 0.9976236434558773 143.80918440551955 
0.9977148759255683 0.005365361955468106 -0.0673516083559187 -5.929612050586307 -0.005416237827914511 0.9999851680216754 -0.0005727831220577211 -0.3981285480905826 0.06734753866109396 0.0009362666423548443 0.9977291378750055 144.59456749884458 
0.9977983487693415 0.005935059430884609 -0.06605475130883583 -5.976810644566369 -0.005968362357265299 0.9999821420797553 -0.0003068328118591398 -0.40155009561054633 0.06605175304111989 0.0007003960598957514 0.9978159527106149 145.29650363122556 
0.9978773500819994 0.005851716944938288 -0.06485793332003892 -6.021926528632215 -0.005882293362857431 0.999982659816421 -0.00028047384919002336 -0.40442515250423827 0.06485516977811419 0.0006613919890262583 0.9978944681813581 145.98883970236318 
0.9979705592194695 0.005756831958541142 -0.06341625765461861 -6.069178038583108 -0.005792382793332647 0.9999831530284328 -0.0003767433342814989 -0.405975249533853 0.06341302274255359 0.0007433100793580806 0.9979870921731361 146.73934174308454 
0.9980517597449681 0.006202751373281664 -0.06208228950456668 -6.111929803763884 -0.0062673801955994484 0.9999800016294454 -0.0008463213476050793 -0.40598128224460395 0.06207580069953548 0.0012337658461177288 0.9980706752988129 147.41535394132487 
0.9981170549808952 0.005796293208540324 -0.06106347082010274 -6.1528069316635605 -0.00588063428603693 0.999981987016677 -0.0012015644853619518 -0.40751080546072405 0.06105540848903279 0.001558393929690216 0.998133161757821 148.08850678473655 
0.9981867461351539 0.005660168579204507 -0.05992647380656966 -6.199448516642501 -0.005724586136125359 0.9999832064271992 -0.0009033007309030284 -0.4111034460803017 0.05992035677473636 0.0012447170954848004 0.9982023850989126 148.8263980164198 
0.99820063968112 0.0054614647573755165 -0.0597131080593923 -6.242768772752539 -0.005518585502306218 0.9999844590796451 -0.000791700068675519 -0.41627363224307856 0.0597078583948558 0.00111980743810213 0.998215266247837 149.49516915445983 
0.9981962995518787 0.004878008349083737 -0.05983604702908329 -6.2856643312839795 -0.004944344969218879 0.9999873152405331 -0.00096061896352293 -0.4209357533883141 0.059830604294912444 0.0012547363681320524 0.99820775619098 150.1603846610713 
0.9981496471152174 0.004383252843909418 -0.060647085518474746 -6.333561655091009 -0.004430326457153184 0.9999899801331714 -0.000641732453637462 -0.4254640579531973 0.06064366717488091 0.0009092314666201282 0.9981590649923046 150.89049377914728 
0.9980387341784523 0.0041547657696899025 -0.06246137139510735 -6.381799191515534 -0.004169184804857851 0.9999913038509719 -0.00010050465946729808 -0.43058701748453243 0.062460412920782804 0.00036072066818391724 0.9980473770327681 151.552555746085 
0.9978744220425346 0.003757483250920493 -0.06505781318570776 -6.435311362661215 -0.0037465871644247156 0.9999929396054371 0.00028949308081975604 -0.43510294431979724 0.06505844398313568 -4.5132795063913775e-05 0.9978814543539558 152.27662156164232 
0.9977281012597662 0.00392179375937241 -0.06725515136657434 -6.4875829099586255 -0.0038935308303463365 0.9999922681946147 0.0005513169538944866 -0.44019551816266167 0.06725679595938332 -0.0002882042007226588 0.9977356566039152 152.93263018155912 
0.9975806989677998 0.003611424606389489 -0.06942410635749692 -6.537854666794929 -0.003612362244866253 0.9999934691124605 0.0001120462759502823 -0.44411597044724094 0.06942406012828466 0.00013900998659528273 0.9975872296116716 153.58474207490872 
0.9974222058887163 0.003686921433862984 -0.07166135419410767 -6.593580792783704 -0.003759218197389717 0.9999925521508041 -0.0008740160481142833 -0.44560261620136143 0.07165760065165185 0.001141153740652789 0.9974286371364603 154.29775456946865 
0.9973164421914783 0.00366838608250553 -0.07311947035995035 -6.644379460254696 -0.0038228931527419375 0.9999907458750427 -0.0019732296123033876 -0.4469629941433161 0.0731115577999834 0.0022474621953771437 0.9973212367032088 154.94363805848513 
0.9972047178610656 0.003319450204123271 -0.07464403381971518 -6.696126681597008 -0.003551782903229944 0.9999892521373207 -0.002980005506145979 -0.4512330052700001 0.07463334229878199 0.0032367947798658267 0.9972057899617293 155.59114258455898 
0.9971363443403222 0.0026385307924607013 -0.07557875893575557 -6.753519461748058 -0.0029501390047385096 0.9999876017589213 -0.0040116077393981785 -0.45606573420992025 0.07556723990093436 0.004223087436787255 0.9971317655889325 156.30683632636283 
0.9970997054721858 0.00271388112827526 -0.07605795189117234 -6.8064235669584505 -0.0030891789387472546 0.9999836258968481 -0.004817146499270336 -0.46101069085585566 0.07604363612630784 0.0050381316025250615 0.9970917624755251 156.961086125192 
0.9970591820127083 0.002356265948364323 -0.07659918681045645 -6.858157295216276 -0.0026950098377264537 0.9999870405533555 -0.004319217192306797 -0.4685062949032349 0.0765880197003039 0.004512950408023154 0.9970526107894556 157.62071002139714 
0.9970241193851269 0.0022363991163930684 -0.07705779470998152 -6.916050830295322 -0.0025110498232265668 0.9999908354726058 -0.003467504770119933 -0.4765982145595281 0.07704933659894755 0.0036506816370137115 0.9970205977918613 158.34944780701974 
0.9969932496280175 0.0020457672809899613 -0.07746144119338177 -6.968187044660616 -0.0023462234612515783 0.9999900732033 -0.0037879705842301156 -0.48274953368307816 0.07745292577046635 0.00395832270401464 0.9969881524575852 159.01331186977106 
0.996943780386607 0.0018534293628629263 -0.07810034176167199 -7.0249288211264025 -0.0021631791222805467 0.9999901267500423 -0.0038816298480068025 -0.4864105515282299 0.07809237918157318 0.004038711506966597 0.9969379465624401 159.74593535510283 
0.9969238941308236 0.0015957611412501177 -0.07835944544283283 -7.077137578539465 -0.0019236082613807086 0.999989709593606 -0.0041085802017383054 -0.4872778980480107 0.07835208564051233 0.004246674370935212 0.9969167049491918 160.4154927441092 
0.9968882949308736 0.0013868317573446432 -0.07881499829888734 -7.131495491359009 -0.0017491325968673167 0.9999882188114996 -0.00452799821110677 -0.4915787893361022 0.07880779307132733 0.004651765973727246 0.9968789761053019 161.09100137871883 
0.9968520004660293 0.0008691516768921486 -0.07928009565242929 -7.188733056285606 -0.0012281768348111706 0.9999892109117755 -0.004479915020996531 -0.49379282105856637 0.0792753494621593 0.0045631819137306245 0.9968423127642433 161.83680315556805 
0.9968297662309301 0.0007311551354938274 -0.079560558007314 -7.244283419664619 -0.0010843403493439633 0.999989749267666 -0.004396084973321345 -0.4976206350620974 0.07955653113854542 0.0044684187773044 0.9968203407671107 162.52065291825608 
0.996784995308584 0.0012799703044865062 -0.08011263711684749 -7.300922301125848 -0.0016367783535147541 0.9999890317533493 -0.004388316809808267 -0.5016167018579397 0.08010614443183725 0.00450533467609464 0.9967761573025258 163.20937934006463 
0.9967457986336914 0.0014139393086224485 -0.08059660974236185 -7.362857875803999 -0.0017394575578638008 0.9999906114625634 -0.003968786712313534 -0.5057055175167583 0.08059024437641074 0.004096065606503072 0.9967389000855826 163.9729093201149 
0.9967261175935543 0.0013252192585241098 -0.08084114125447013 -7.420937048527499 -0.001669823671134295 0.9999898056191361 -0.0041952760492452576 -0.5104221873918781 0.08083476041982914 0.004316531378788078 0.9967181694199102 164.672171834937 
0.9966920767264926 0.0009230846785821916 -0.0812653180613508 -7.478654911115598 -0.0013245468659042053 0.9999871844011425 -0.004886369409397468 -0.513135870374443 0.08125976903348842 0.004977845040562443 0.9966805261387129 165.37494527295502 
0.9966715955708105 0.0012203552678302565 -0.08151221460503408 -7.544908634371774 -0.0016185695470553331 0.9999870765667824 -0.004819432276291407 -0.5153183497657202 0.08150528274518684 0.00493532409435589 0.996660690330879 166.1545056192186 
0.9966407828792453 0.0019614834873580653 -0.08187369724430496 -7.604748699204236 -0.0023621409057384096 0.9999857043126453 -0.0047970253917052124 -0.5150582111865315 0.08186312050786199 0.004974307997475491 0.9966311684633683 166.86504811029883 
0.9965983169489907 0.0019754905348065488 -0.08238866369207677 -7.670237389606175 -0.0023480388835644926 0.9999874521177544 -0.004425190614038816 -0.5173047535218497 0.08237889097486772 0.004603588994136473 0.9965904502277837 167.65107298780686 
0.9965693650208739 0.002016174688902415 -0.08273714735960236 -7.727461882331214 -0.002336863175466541 0.9999901278067008 -0.0037793320163017285 -0.5205660423154993 0.0827287137881813 0.003959711665435802 0.9965642381682875 168.36743940068453 
0.9965390084217919 0.0023754141872400544 -0.08309249010930093 -7.786628704273934 -0.0026964229562801943 0.9999893286172808 -0.003751258989032327 -0.5235303543326039 0.08308269563580659 0.003962328176673054 0.9965347790422034 169.0831525033745 
0.9965002369565076 0.0027477048708176117 -0.08354476449296903 -7.8538621726064175 -0.003092749777985665 0.9999872136905743 -0.004000917632313798 -0.528446436576154 0.08353270597206078 0.004245298154930709 0.9964959933076571 169.87097845195282 
0.99646804455496 0.0027626326349345586 -0.08392737247361608 -7.914347247881532 -0.0031683028144145137 0.9999839321431003 -0.00470077665152731 -0.532534238489539 0.08391304048646883 0.004950080702917923 0.9964607862532957 170.58772932550667 
0.9964115696638665 0.00295829128371721 -0.08458860537014609 -7.974933219684358 -0.003378450154830275 0.9999826556272841 -0.004824365931655913 -0.5352240774167342 0.0845728694433685 0.005092832057608549 0.9964042819169668 171.30525971805136 
0.9963315988705741 0.0031523943458111824 -0.08551846176904528 -8.041173288711295 -0.0035807291375561773 0.9999817998714721 -0.004855748276882358 -0.5376323398186006 0.08550160121173966 0.005144153529008441 0.996324753324224 172.09509559759164 
0.9961852460044254 0.0034187257962301435 -0.08719671868880395 -8.103414819731974 -0.003871626413792297 0.9999798776539649 -0.0050254135914436756 -0.5422008175439946 0.08717778675974393 0.005343835612489928 0.9961784363947385 172.813414063728 
0.9960125902942877 0.0034827786272791923 -0.08914476995492027 -8.16645564802796 -0.003972984404896372 0.9999779449087087 -0.005322130847500903 -0.547427172935688 0.08912427131149049 0.005655079699947079 0.996004460115054 173.5326009232656 
0.9958231255981922 0.004420021871059692 -0.09119630312750679 -8.241126707222596 -0.004995375686474632 0.9999690293250314 -0.00608166057245524 -0.5524639435323705 0.09116660097632388 0.006511817530734036 0.9958143638964242 174.32652296045055 
0.9955946009700719 0.005246877086348361 -0.09361549317311557 -8.310801627496632 -0.005878156649381921 0.9999617999587298 -0.006468838994856685 -0.5582104788768468 0.09357797927582334 0.006990627158545356 0.9955874111218883 175.0541913061945 
0.9953788994826848 0.0054865458103783606 -0.09586836823675965 -8.381592183170163 -0.0061641884681387675 0.9999580587816674 -0.0067737314604584846 -0.5635177527108205 0.09582718651682419 0.007333379470211822 0.9953709721211369 175.78522022428453 
0.9951476299516747 0.005400872710038761 -0.09824471949449294 -8.460237795503472 -0.0060905261326997424 0.9999588647034147 -0.006721188318728388 -0.5700504620514336 0.09820438147679034 0.007286936082665616 0.9951395883534833 176.5944358495548 
0.9949213568032838 0.00515363107739694 -0.10052329869460279 -8.534887397886529 -0.005815073121974646 0.9999633218646846 -0.006288070458724387 -0.5756571174341937 0.10048720896454122 0.006840685407294161 0.9949148336217022 177.33599713337716 
0.9947137809196298 0.005301185455632663 -0.10254945726405593 -8.611303032947838 -0.005941548240888922 0.9999647067454666 -0.0059399702965342825 -0.5796737384193963 0.10251435282110821 0.006517872384488425 0.9947101714179196 178.08254767772453 
0.9944801330284381 0.005437803347022915 -0.10478403979282186 -8.6977861974549 -0.006128903551990409 0.9999615322255624 -0.006274598744863419 -0.5814759425983073 0.10474589277735948 0.0068821745572088195 0.9944752052976387 178.911046469249 
0.9942968877865064 0.004813417773254463 -0.10653886437101816 -8.779296659446432 -0.005564167781364147 0.9999617340333895 -0.006750591653074462 -0.5843279393552366 0.1065022980330013 0.007304891832997335 0.9942856226523196 179.67246245777102 
0.9941345697728601 0.004782983867194491 -0.10804434233663256 -8.86310096439903 -0.005605292946829044 0.9999575829142503 -0.007308422945668888 -0.5876497126727694 0.10800480729004597 0.007871175474933047 0.9941192114395041 180.44189104606758 
0.9939511318727536 0.0045950506034395525 -0.10972708238573209 -8.95970237235591 -0.0055105454031167634 0.9999524822490408 -0.008041586770548382 -0.5918744143349625 0.10968492091503902 0.008597599647266191 0.9939292227164163 181.30086920597873 
