0.9999999999999999 -2.5550743807744333e-19 2.848019783144664e-17 0.0 8.289559129389222e-18 1.0 -3.259071730127513e-18 0.0 -2.7676512842665557e-17 -2.04963745415834e-18 0.9999999999999999 -2.220446049250313e-16 
0.9999996253348712 -0.0008281072332228675 -0.00025211944724068484 0.018471755834312875 0.0008280370409063903 0.9999996182918965 -0.00027888213420114183 0.015576709689641866 0.0002523503053061317 0.0002786732339373137 0.9999999293301668 1.9241528206034824 
0.9999985106380032 -0.0016675041207699878 -0.0004451323936965994 0.042284221203368444 0.0016672670175230716 0.9999984680354836 -0.0005330635131106938 0.0336303748100476 0.000446020615152835 0.0005323205042677645 0.999999758850018 3.671362936136318 
0.9999965756576398 -0.002453367399899463 -0.0009108502054258566 0.06098168138550902 0.00245274297112603 0.9999967564301518 -0.0006864365227464615 0.0439007469831153 0.0009125313672254789 0.0006842000139299358 0.9999993495778567 5.41658903842815 
0.999991223770038 -0.0038320653292781316 -0.0016934098004637145 0.07714728197570092 0.003830058591417441 0.9999919607878183 -0.0011870272484797233 0.047168332427486526 0.0016979450179662279 0.0011805308400646302 0.9999978616618859 7.334197003183273 
0.9999855626521978 -0.004669681578765569 -0.0026586715878732185 0.08977854166150329 0.004664798392668658 0.9999874265691188 -0.0018402141753824349 0.04797156923469059 0.002667231475740836 0.0018277852366821808 0.9999947725239898 9.248653732208933 
0.9999818316786785 -0.004892415753392755 -0.0035214418899434975 0.09947531955391642 0.004885148055308629 0.9999859257471568 -0.0020697019805063846 0.054175008702864624 0.003531518305157428 0.0020524613850086805 0.9999916578542946 10.987487002443459 
0.9999801353416089 -0.004842837006496497 -0.0040343307681809356 0.10710537154256405 0.004829969198870374 0.9999832366155529 -0.003193417628185325 0.06144593490871142 0.0040497284963104205 0.0031738681440292267 0.9999867630406625 12.722993015532072 
0.9999799678925776 -0.00466572776505607 -0.004277238838973459 0.10969889899365498 0.004646369806748956 0.9999789685497062 -0.0045247913554043746 0.06311642904790082 0.004298260495724401 0.004504826574379357 0.9999806155567297 14.630709243170067 
0.9999825317686277 -0.004127394765169519 -0.004230927522111087 0.11130759892375075 0.004106168113748755 0.9999790012094826 -0.005013636554323722 0.06130846225163289 0.004251532103193502 0.0049961755124742005 0.9999784811181649 16.36568902415823 
0.9999879152585232 -0.003425292611440171 -0.0035265690611021518 0.11378185296527993 0.003408380589777437 0.9999827162111717 -0.004790641284152062 0.05976793136587921 0.0035429175985850735 0.0047785629614466715 0.9999823063763563 18.099229360838226 
0.9999941929499699 -0.002593079879836795 -0.002211332083736239 0.1259393832106932 0.0025836110702577215 0.9999875276516427 -0.004274285027803873 0.05937857981633843 0.0022223881580518286 0.004268546500501455 0.9999884201817695 19.832621068910022 
0.999998772647792 -0.0015653914348940673 6.514531109504432e-05 0.14026049863863188 0.0015656387700863665 0.9999908396518361 -0.003983641403720595 0.057223705428337435 -5.890874771488267e-05 0.003983738051108302 0.9999920631476914 21.735724195195875 
0.9999971413067534 -0.0007077748247414745 0.0022839500262739096 0.16341231927577893 0.0007158020813557816 0.9999935637617212 -0.003515688898296967 0.06703376580832665 -0.002281447083785917 0.0035173132947774305 0.9999912117143173 23.465987054071068 
0.9999882964179687 -0.0004005289569134767 0.004821472565637562 0.18251074308748216 0.00041339742520480976 0.9999963546928452 -0.002668277928645286 0.06270354226057884 -0.004820386435572259 0.0026702395656675107 0.9999848167335845 25.189363785276242 
0.9999712289656313 0.0004793973413142543 0.0075704302986036335 0.20545468974398368 -0.0004614054984602976 0.9999970656972161 -0.0023781716957972563 0.06360807585829242 -0.007571548443041468 0.002374609943177143 0.9999685159480517 27.080113008393703 
0.9999467138995668 0.0008892586763489535 0.010284871163865826 0.22913088231050177 -0.0008529916281979485 0.9999934053267423 -0.0035301141635042735 0.06768222277710878 -0.010287942888151878 0.0035211527180354857 0.9999408781135879 28.794571830249954 
0.9999134016606787 0.00158291855065135 0.013064591151187077 0.26000154983501994 -0.0015277712178743154 0.9999898862459214 -0.004230049185769642 0.07150237937409698 -0.013071155306934623 0.004209722647704751 0.9999057071270853 30.507835933540203 
0.9998522358759463 0.003314132172567338 0.016867807708171985 0.3011875765738939 -0.003246816877231584 0.9999866624287475 -0.004016607008570985 0.07759942265967046 -0.016880894902963833 0.0039612463178997125 0.9998496606654104 32.389498790795834 
0.9997653242140526 0.004676474128492726 0.0211524722177564 0.3453727387429442 -0.004599375564214909 0.9999826068667174 -0.0036921118178851195 0.0816709162895628 -0.021169371136327313 0.0035939567385333783 0.9997694440356804 34.09746654807999 
0.9996448740611152 0.00585356394495637 0.025997337123922437 0.4005104617650726 -0.005761136038314019 0.9999768202951416 -0.003628796055346724 0.07682421340159262 -0.026017976840788153 0.003477732714596689 0.9996554257814922 35.97140530769359 
0.9995107717095291 0.006496805360479937 0.030594259783079343 0.46699451334198655 -0.006386150634728139 0.99997271421404 -0.0037132037733090327 0.07873617628230511 -0.030617550061803687 0.0035160071358146436 0.9995249888683636 37.67434386527681 
0.9993539017840878 0.006826109506372135 0.03528715318362214 0.5477163114684636 -0.0066871072103227526 0.9999694163542135 -0.004055727743897431 0.08663042322312253 -0.03531376009055295 0.003817137840555449 0.9993689848454039 39.375610327199595 
0.9991413146099003 0.007208376825005367 0.04080040058101118 0.6409900221528062 -0.007020652767468337 0.9999641090163525 -0.004742476964946384 0.08786212510689806 -0.04083312324967632 0.0044519586084473635 0.9991560619802546 41.24239909707896 
0.9989098144604618 0.007639282754138268 0.04605240340592265 0.7343362482573756 -0.007419916122257484 0.9999603068256885 -0.004932503495994766 0.08661165453927566 -0.046088257893694015 0.004585420536963754 0.9989268474237767 42.936430722884346 
0.998626693662489 0.007837793688379372 0.05180053665067067 0.8327896973008755 -0.007568791107078361 0.9999568448005043 -0.0053871987985093526 0.07561281066509995 -0.05184052681405154 0.004987732377392191 0.9986429203823565 44.626428995355575 
0.9982581588246615 0.008676732478089425 0.05835548412947361 0.951836031566083 -0.008296699824911253 0.9999427891243661 -0.006751534888441911 0.05796603582726467 -0.058410728932007085 0.006255615983944754 0.9982730358807937 46.481939353557564 
0.9978511578840278 0.008791987445986445 0.06492894198674169 1.0678262234610336 -0.008382740063584023 0.9999432625532247 -0.006572770804444239 0.0405577011192062 -0.06498304815127884 0.006014363656794759 0.997868243341224 48.16601597649522 
0.9973786886436055 0.008935457765899997 0.07180465749017631 1.191583579371603 -0.008492369014888838 0.9999429838025427 -0.006473699462244723 0.017853147579658057 -0.071858411528834 0.00584693737546242 0.9973977051510239 49.84721374246704 
0.9967638820428838 0.009577059463968808 0.07981255003138843 1.3423526702305106 -0.00902378788088698 0.9999327115587957 -0.0072899642756351895 -0.006418783031486686 -0.07987699887958252 0.006546160612136948 0.996783232755927 51.6949574781783 
0.9960858251611854 0.010891030057080992 0.08771780938173156 1.492322075918354 -0.010252978228789905 0.9999176262117769 -0.00772121742672241 -0.02584622749662102 -0.08779467892092108 0.006791625435873741 0.9961154393450246 53.375109531639794 
0.9951840979740513 0.012238268249779742 0.09725654511441324 1.676002398085811 -0.01155708114761353 0.9999046029344041 -0.007564315776384495 -0.042951306950896995 -0.09733984477569456 0.006403884002495735 0.9952305990491492 55.22295485562703 
0.9942084293789052 0.01336071953861737 0.10663531164355596 1.8552553369526072 -0.012643726975088266 0.9998927040438548 -0.007397062471142509 -0.057771218463141705 -0.10672270405004795 0.0060059531302798915 0.9942706841892255 56.901509586430464 
0.993105866168998 0.014385188418242751 0.11633488047573601 2.038297052185838 -0.013650340941634998 0.9998815441716269 -0.007110961992656619 -0.08619706159402252 -0.1164233966806625 0.005473926358127632 0.993184589787736 58.573904577709264 
0.9917166318200243 0.014940303838738149 0.1275731510428502 2.2604013245650494 -0.014062538265507529 0.9998708618720825 -0.00777846776951011 -0.11647408683401228 -0.1276728937863255 0.00592003252946191 0.9917986620623631 60.41304909011784 
0.9903390821554404 0.014765386167910016 0.1378785153501371 2.477254694874817 -0.013601364230691927 0.9998634924452371 -0.009380796040250976 -0.1468358887064931 -0.1379982099683181 0.007414831825614587 0.9904047228674444 62.080573021012945 
0.9888207240497738 0.01412997362036717 0.14843826557384507 2.719115712216709 -0.012551165967093521 0.9998543196048442 -0.01156753108923403 -0.17493227465168515 -0.14858009531796487 0.009575139676572047 0.9888540199892881 63.74672523286515 
0.9870004480748272 0.013165103525672194 0.1601773846732067 2.9945942477899576 -0.011235871671864156 0.9998530912074913 -0.012944155902233705 -0.21951028716203036 -0.16032427016304615 0.010976153461414851 0.9870033705408273 65.57566020410636 
0.9851896031157624 0.012494965003344525 0.17101263297123995 3.2685818118928185 -0.010283435983617504 0.9998517325526871 -0.013811728419290906 -0.26295125344506554 -0.1711598606231532 0.011848571972503238 0.9851720228436874 67.23783790572111 
0.9832854248149049 0.011950883485879544 0.1816781452460878 3.5641404990581114 -0.009542479429202545 0.9998547049602463 -0.014124802445247515 -0.3056379484652122 -0.18182055876313827 0.012155050542173591 0.9832565994891069 68.89987690810163 
0.9810373676585632 0.011796271479498882 0.19345937505923383 3.9102409622066756 -0.009212642304339087 0.999856034329227 -0.014249134266734352 -0.3515204766275589 -0.1935996172170864 0.012196659247105463 0.9810048069020298 70.72780939741311 
0.978870840454418 0.011715859349111133 0.20414361304820933 4.246554039234433 -0.008981312982253693 0.9998571752917238 -0.014316599656860537 -0.38421730994533443 -0.20428219496312874 0.012180622327831646 0.9788362574349112 72.39091172637511 
0.976574071402208 0.01232727430958061 0.21482811642195496 4.590887660090767 -0.009367404589205585 0.9998467341830982 -0.014790532996488892 -0.4325708687914417 -0.21497752535998138 0.012431667157775462 0.9765398706748831 74.04937813540147 
0.9738995974173869 0.013025573404448935 0.2266051778424777 4.999830675870064 -0.009571217528101302 0.9998207464190929 -0.0163360589483638 -0.4801352821451125 -0.2267773528009733 0.013740791617245002 0.973849693160122 75.8719334911185 
0.9713932834923066 0.013231124859370112 0.2371076210821714 5.3890272304923075 -0.00939488772408684 0.9998061699976796 -0.01730198024832165 -0.5240558608700377 -0.23729059576567332 0.014579425636394625 0.971329303405255 77.52570807585889 
0.9685634796486162 0.012242539029772652 0.24846509568743985 5.841412188285083 -0.008303818108817522 0.9998228021376078 -0.01689410941644442 -0.573421905072515 -0.2486279040037728 0.014299806153792468 0.9684935122375873 79.3424420946222 
0.9660298888058335 0.01053919305387451 0.2582153690264419 6.266461890186474 -0.0066945645135922435 0.9998533292688473 -0.01576397027529194 -0.6268292859756485 -0.25834364527710285 0.013499824784483593 0.9659587559595707 80.98936075971376 
0.9634932719565841 0.008091917690686503 0.2676102259443234 6.713717871277532 -0.004286393129966394 0.9998812633754717 -0.014801553723575854 -0.6697893297733001 -0.26769823346647237 0.01311411259089841 0.9634135553200236 82.63239019139577 
0.9606890170239328 0.006015085287556717 0.2775615758299605 7.221534367567993 -0.0016927081616242364 0.9998735864035493 -0.01580967977761891 -0.7242232379858763 -0.27762159490425753 0.014718352567585927 0.9605777548219544 84.43357932324516 
0.9580812225666454 0.004580227666732582 0.2864601007925109 7.704212846016854 0.00032864515049436184 0.9998539713888606 -0.017085898532747893 -0.7716044225488089 -0.28649653710412837 0.016463819641509017 0.957939810199701 86.06916280334022 
0.9554761118921506 0.003536458857261386 0.29504726695624145 8.202830875536415 0.0020166788340366367 0.999826553001911 -0.01851477714639007 -0.8178009537409135 -0.2950615793248033 0.01828543999091362 0.9553032557049983 87.702277654432 
0.9525591931457721 0.0031086691278706196 0.30433750376295765 8.767282468654418 0.0028337322654972304 0.9998139050484129 -0.019082067360071404 -0.8707815275675092 -0.30434019894272746 0.019039206713599398 0.9523731177363391 89.49642425903185 
0.9497901138991961 0.0029584983773482502 0.3128737494531767 9.296211908322595 0.003197122977561709 0.9998113262700923 -0.019159601529045663 -0.9152491269811801 -0.31287141337485946 0.01919789295306856 0.9496014549613686 91.12522850563785 
0.9470081513543159 0.0028686069348116804 0.32119671299104186 9.839764704705537 0.0034355216297454493 0.999812467311449 -0.01905852735143528 -0.9598741085640906 -0.32119116116328383 0.019152055974162276 0.9468207014023016 92.7517529937191 
0.9441309036115473 0.0016349236251176505 0.32956662412360405 10.460811584170706 0.004294996671590087 0.999841737705339 -0.017264200206511742 -0.9981808548635084 -0.32954270374134587 0.017715149602058857 0.9439744614960521 94.54000798279542 
0.941818584680023 0.00042262474276495254 0.3361213629596847 11.039716999529768 0.005302175274929646 0.99985610305528 -0.016113974848879026 -1.027903224359736 -0.33607981846578217 0.016958612542431688 0.941680819236244 96.16200147731226 
0.9395946004029264 0.0012618121880436366 0.34228699985617106 11.631555447048767 0.0047197970577960635 0.9998503735277521 -0.01664193904698178 -1.0532780468239213 -0.3422567960641646 0.017252198370798333 0.9394480568872874 97.78256605337597 
0.9370334076096672 0.001946529901216459 0.3492343044668031 12.296959451926226 0.004341928853950301 0.9998422508248165 -0.017222693817778228 -1.0726875659497805 -0.3492127501865561 0.017654587042827383 0.9368771398795505 99.56366007458686 
0.934674144198738 0.0027555560210887104 0.3554949314530176 12.914227443292829 0.003271080567661428 0.9998609687504627 -0.016350634662149654 -1.0932984802881176 -0.3554905745246454 0.016445365207867893 0.9345351818542486 101.18295444611593 
0.9320048545140979 0.0034146392896757015 0.362429698603952 13.608924394433497 0.0023463546500892833 0.9998778247640443 -0.015454132406262314 -1.106483251843783 -0.3624382020999996 0.015253712338089597 0.9318829748662119 102.9624319462126 
0.9295690793431632 0.004593439486144545 0.36861934554348413 14.254868894965009 0.0013583474052609032 0.9998729020951344 -0.015885042886168144 -1.1153806205015653 -0.36864547514832324 0.015266955109796173 0.9294446937978138 104.57675120376368 
0.9270556888002643 0.004296799018004925 0.3748990291711267 14.911678833177408 0.0014194566949652103 0.999886936114708 -0.014969975487258414 -1.1248411034356285 -0.3749209782048966 0.014410151242620036 0.9269447733897661 106.18935081681117 
0.9243428135372463 0.00337110582918654 0.38154815319982016 15.645503848807197 0.0020475863659751344 0.9999027482064619 -0.013794982966402592 -1.1387684610293705 -0.3815575651473635 0.013532543616478482 0.924246017142417 107.95872605850248 
0.9217897397806901 0.002828563482071128 0.38767985399007465 16.326061306414193 0.0032834702890357074 0.9998805610951084 -0.015102397653506695 -1.1545732017138914 -0.3876762820836868 0.01519416773096738 0.9216703549549314 109.5634706086404 
0.9188406783158221 0.0034159960185863535 0.39461390367179894 17.08998249754059 0.0029568608168816404 0.9998748688548299 -0.015540387837146272 -1.1659277200286087 -0.3946176253972764 0.01544595609009573 0.9187156023443925 111.3283495876834 
0.9159211553998422 0.004411879478628863 0.40133398354005634 17.801429299314492 0.0025199870830305542 0.9998566579708584 -0.016742557329669193 -1.174674051074882 -0.40135033621230876 0.016346215986848375 0.9157787477671891 112.9297179287392 
0.9128026679550896 0.005731529807929871 0.40836066493702516 18.527693015764047 0.001751785673631457 0.9998373705471978 -0.01794892069689357 -1.1822620078370059 -0.40839714304864116 0.017099180035983454 0.9126441791926151 114.5263676738344 
0.9094962922193344 0.006071544570282421 0.41566768492645867 19.264212122327844 0.0016344066041872113 0.9998333863373063 -0.018180438130420053 -1.203364804807864 -0.4157088274261811 0.01721440802231538 0.9093348345905349 116.11969100103623 
0.90581750542474 0.006530180083158235 0.4236177485368935 20.08919519929152 0.0010879842468078866 0.9998420550442452 -0.017739258734794643 -1.2274858500083714 -0.42366669617048275 0.016529417532748645 0.9056673316430544 117.86961879604756 
0.9024090606948263 0.006419585596497544 0.4308325302599273 20.854059444128193 0.001027885158749521 0.9998540889503255 -0.017051225864652974 -1.2506845942852385 -0.4308791444674094 0.015830024141880252 0.9022707909065365 119.45802595656076 
0.8989188787326017 0.006943784457970557 0.438060071358727 21.631460860611455 0.0006095558005760483 0.9998536030925748 -0.017099732877543402 -1.277451467362141 -0.4381146934723648 0.015638291827721328 0.8987830474308445 121.04311507962763 
0.8950875012324686 0.007234373902323825 0.44583183098834556 22.502582302138016 0.0005911186217539712 0.999848242254826 -0.017411004562043413 -1.3067945000991714 -0.4458901464481851 0.01584790908611315 0.8949473886693567 122.78197748562525 
0.8916902268818628 0.007317781558374357 0.4525869879744107 23.30797296476589 0.0009634074815635535 0.9998363639227915 -0.018064253919127887 -1.337549972539715 -0.4526451350993422 0.01654374128992006 0.8915372644605145 124.35915616519375 
0.8882802694164158 0.006987522642371036 0.4592486576959866 24.210785996577 0.0015282488345203847 0.9998337705977107 -0.01816853536992965 -1.3651152025603652 -0.4592992867796267 0.016840594591896015 0.8881219327238515 126.0869153759504 
0.8853598748392059 0.006941435213911578 0.4648544938082706 25.046700711657195 0.002196189340800661 0.9998149258880893 -0.01911258175936789 -1.3844530280489682 -0.4649011468857328 0.017942418210569046 0.8851807732228967 127.64925095033075 
0.8824743740292852 0.0066564410220757726 0.4703133664885207 25.89508951720516 0.00309735776446073 0.9997959405262516 -0.01996205774164446 -1.4029295368477177 -0.4703502879076445 0.019072729755494573 0.8822736796790839 129.20735642017902 
0.8793978088484973 0.006756416035928394 0.4760397422052692 26.836126449138863 0.003305131070550793 0.9997885599901796 -0.020295602761245948 -1.4315490785842333 -0.47607623115793357 0.01942127887374105 0.8791895384154916 130.921628357165 
0.8767870017258813 0.007229278952044316 0.4808245859844538 27.7015206838107 0.002999861995879351 0.9997853070373127 -0.020502212794916888 -1.4575959887736132 -0.48086958998384133 0.019418477608930448 0.8765770751794729 132.47747131994618 
0.8746504157622202 0.007722965469414587 0.4846926832868657 28.57330441060836 0.0026522087149808827 0.9997818766608069 -0.020716296909039793 -1.488417178580741 -0.48474696932594064 0.019405020376479686 0.8744391514707691 134.03470599816842 
0.8726474158242375 0.00706096009938693 0.48829972515624265 29.54325408459798 0.0037673975703481836 0.9997683744124377 -0.021189721982231045 -1.5103529287098438 -0.48833625993488805 0.02033077172562708 0.8724186872061567 135.73435588284343 
0.8711217130474919 0.006753786126660936 0.4910207107865652 30.431420416354552 0.0038768232124048578 0.9997796739176104 -0.020629443480495877 -1.5351210808206894 -0.49105187077409024 0.019874353076156696 0.8709035992763757 137.2813589485226 
0.8699089620769545 0.007571827211654168 0.49315419094515317 31.319534794771418 0.0036820560671405305 0.9997545860273656 -0.02184514272336873 -1.5677069872607388 -0.49319858954567736 0.020819103142987384 0.8696675946695636 138.82736654791543 
0.8688013996480255 0.009166848850554504 0.4950758403527574 32.29565258131569 0.002869098178374958 0.9997186426864152 -0.023545781473150233 -1.614686800630773 -0.4951524057160033 0.02187702529484111 0.868530655730925 140.527812468824 
0.8680183448484743 0.01095021667160308 0.4964113582145956 33.18763907645139 0.0015508331182281202 0.9996921288580529 -0.024763733549952247 -1.6578199052170923 -0.4965297137319039 0.022265222338822773 0.8677341253915151 142.07427018583581 
0.8673425371293075 0.012175841909921457 0.49756272260098994 34.08263837426984 0.000552179683180199 0.9996765645253552 -0.025425607527876738 -1.702847565791083 -0.49771138938733883 0.022327451113944904 0.8670552848330196 143.61934038323363 
0.8666808513556478 0.01450802648985703 0.49865199266039945 35.0695109295934 -0.0016496176238857104 0.9996549053565105 -0.02621734223209532 -1.753936814167746 -0.49886029051146247 0.021899479563660396 0.8664056974344858 145.32027128625495 
0.866039193914312 0.01406420481954906 0.49977825425781314 35.962141951212104 -0.002926902762665597 0.9997297656992712 -0.023061415094969583 -1.8066472490305552 -0.4999675556325206 0.018509283564844405 0.8658463252816454 146.86556558619645 
0.865307211968434 0.013372172681659529 0.5010634735715707 36.94978030565367 -0.0034657912610330387 0.9997797975373415 -0.020696491576840694 -1.8570979361158675 -0.5012299134085869 0.01617223885897317 0.8651630146532062 148.5639796706394 
0.8647997312892761 0.01400945733137166 0.5019214584676245 37.847215075797195 -0.0037528764885182285 0.9997631162648223 -0.021438920530112385 -1.9026890180178597 -0.5021029272992511 0.01665672025842932 0.8646474503667843 150.10129395740205 
0.8642365087760548 0.014781533146159678 0.5028685253070784 38.75012017472266 -0.004311458990127749 0.9997491727076422 -0.021977329939167012 -1.9410232928674032 -0.5030672690411828 0.016825510638379792 0.8640834649520951 151.63633283397758 
0.8637065482190182 0.015030024156299893 0.5037708680264591 39.73996949279654 -0.00465495718574893 0.9997504942003322 -0.02184675621816754 -1.9859650542976937 -0.5039735498344294 0.016524151376991855 0.8635610128510932 153.32277159452417 
0.8633331941352275 0.014964932735380973 0.5044123682101762 40.640631925945414 -0.004811129040473188 0.9997588530994399 -0.02142635576460009 -2.0258500676599946 -0.5046113930157198 0.01607128801421527 0.8631970025403752 154.85228082708278 
0.8631724109184393 0.015485706037442273 0.5046717472169221 41.54126187639314 -0.005151453581692163 0.9997476360626776 -0.02186610959372678 -2.0658573101576274 -0.5048830167344257 0.016274426278172143 0.8630343515327593 156.37857691191138 
0.8632060698304433 0.016308728918313805 0.504588244881877 42.53557821300499 -0.005619777775364721 0.9997265675059287 -0.02269820166759747 -2.102155060421458 -0.5048204711953604 0.016757548416966937 0.8630616929807209 158.05482392382774 
0.8634437941444826 0.01690805554241439 0.5041616035862612 43.442859361492644 -0.005950975657130959 0.9997099800592338 -0.02333541727456049 -2.1313628020008597 -0.504409961501135 0.017148564523266432 0.863293997959569 159.57815915580503 
0.863516038957746 0.015105501159006553 0.504095095016922 44.3479939573093 -0.00473453073675003 0.9997500970053268 -0.021847832700446015 -2.1596499482715186 -0.5042991609047753 0.016479297032130052 0.8633717614795157 161.10067104117525 
0.8635846203615205 0.01160462091374124 0.504070358948618 45.347037558919645 -0.0012847399493762564 0.9997825027707793 -0.020815778718494802 -2.194432726594671 -0.5042023025566991 0.017328583736956813 0.8634117023257813 162.7733490655901 
0.8634998622610536 0.008766088160380638 0.5042728766096523 46.2552887405542 0.001640995633561993 0.9997948136565951 -0.02019004156121856 -2.226865110228884 -0.5043464126822498 0.01826160428985478 0.8633082990757704 164.29181207577943 
0.8632757193057277 0.008759191272696034 0.5046566154543651 47.164095898808874 0.002130482798347578 0.9997772620569387 -0.020997318479734507 -2.2556559918441326 -0.5047281471139625 0.019201633937694418 0.8630647740478338 165.80936078302403 
0.8626275249234049 0.011212559349888447 0.5057153569133419 48.161299688607876 0.00027480753355050387 0.9997437633188694 -0.022634757569549063 -2.2888768843675824 -0.5058395859979821 0.019664335719530402 0.8624034071205121 167.47859239487687 
0.8618657941844081 0.013908531882559678 0.5069456538647628 49.0629756878586 -0.0025524818749038847 0.999730154356853 -0.02308903113608954 -2.3237019879372296 -0.5071300097111159 0.01860567311301615 0.8616687250381624 169.00024801633302 
0.8610687595252223 0.0160659779467894 0.508234656522606 50.055416788960954 -0.004817222039250063 0.9997136209706415 -0.023440786313637177 -2.372164106419883 -0.508465726378714 0.01773584625080811 0.860899561181316 170.6695571719306 
0.8603152691074074 0.017135512668943247 0.5094742410245824 50.96262747711496 -0.00602833157087456 0.9997069708726614 -0.023444224194835606 -2.414762229947942 -0.5097266975284585 0.017098141111597017 0.8601664705363077 172.18533893444774 
0.8596451838813481 0.01729088634147019 0.5105988379914207 51.87356796794184 -0.006392520098040289 0.9997129119631106 -0.02309175997771917 -2.456605928124758 -0.5108515467083016 0.016586703690188123 0.8595089226817458 173.69941130321905 
0.8589056133298362 0.017370387874832624 0.5118392396524019 52.87789238714871 -0.006507746118110451 0.9997141227681634 -0.023006999268290373 -2.5021601305830563 -0.5120925755518331 0.01642991777915762 0.8587731141559449 175.36217180700876 
0.8583033554645672 0.018468770076928147 0.512810144912163 53.79233381582965 -0.006665651086925387 0.9996690568490906 -0.02484644684719244 -2.537681427477337 -0.5130993358370525 0.01790757181554177 0.8581424125363049 176.87327067073153 
0.8577222968105797 0.019169083535226544 0.5137557765597961 54.70538555022119 -0.006852879178017739 0.9996421539202514 -0.025857343347661647 -2.574763710362926 -0.5140676112931081 0.01865771018857535 0.8575467279742921 178.3854859572887 
0.8571666046479627 0.018875087558529176 0.51469324171689 55.714779533010784 -0.00728137077628247 0.9996724749831339 -0.024534148524629762 -2.6179185654094153 -0.5149877696922037 0.017282177141790887 0.8570232979648069 180.04871497709135 
0.8565694180051481 0.018651810618598885 0.515694611358718 56.62751978258301 -0.007677218097130032 0.999696575723885 -0.023405487470668427 -2.6669056580043264 -0.5159747105398033 0.01608932159408344 0.8564527083809392 181.55795490763575 
0.8560955881433747 0.01883795136018249 0.5164740706034001 57.53818425522702 -0.008032231090359034 0.9996997547843754 -0.023149159398050765 -2.7190265980983974 -0.5167551032284977 0.01566945100493279 0.8559898606314195 183.0662463881623 
0.8557253467917845 0.0201797655369689 0.5170366504932173 58.531432138549434 -0.008740379303533207 0.9996603796813773 -0.024550582558326838 -2.7779612486141696 -0.5173564981158589 0.016489456101684587 0.8556111041959631 184.72110012060133 
0.8554869981904358 0.02173431756278291 0.5173679593711944 59.43830820128953 -0.009763521933595398 0.9996181779635136 -0.025849022584805363 -2.830531767037261 -0.5177322465359326 0.017062166019185716 0.855372558202939 186.22442016010095 
0.8553023068950559 0.023006684787664943 0.5176182437658939 60.34686127796395 -0.010635762172209452 0.9995827754277113 -0.026854341917446223 -2.8829068763565466 -0.5180201288917536 0.01746331271012533 0.8551901476977954 187.72755434304878 
0.8552076602810097 0.023084065975334522 0.5177711595800997 61.347214381347186 -0.010996388679166058 0.9995909112294391 -0.02640245572896163 -2.937577556646413 -0.5181688400464696 0.016885966192532183 0.855111646106778 189.38142487897852 
0.8552729222368421 0.021632967794323804 0.5177260213628145 62.263716674853775 -0.010027646491969366 0.9996320410061779 -0.02520374851862137 -2.980618051609314 -0.5180807700985136 0.01636450690498353 0.8551751449409916 190.88639668478947 
0.8554807531214564 0.020006195437742198 0.5174479908162648 63.26619950689672 -0.008684319155595071 0.9996671653369255 -0.024292821691539616 -3.035490874549788 -0.5177617919171436 0.016288354686568272 0.8553697599738481 192.54018243273774 
0.8557330113395807 0.019647079823552942 0.5170444812498687 64.17904643685499 -0.008174343617715235 0.9996674558910915 -0.02445726433376022 -3.084868872176893 -0.517353073752275 0.016702385944673364 0.8556090446634739 194.04377405293354 
0.8559346233412711 0.019966298296737423 0.516698420302848 65.0836745062819 -0.00806588750290007 0.9996481989235807 -0.025266972369876423 -3.131316538465971 -0.5170211519097714 0.0174592418040839 0.8557945508490427 195.548206302784 
0.8561482202913158 0.020591922576327137 0.5163198501659879 66.09333837256366 -0.008565937960401514 0.999633932758459 -0.025663694800777303 -3.1796164475367954 -0.5166593259456727 0.01754915947314362 0.8560112019186616 197.20872176160307 
0.8563984005612801 0.020358214873385044 0.5159140555149345 67.01024185030063 -0.00886236535838819 0.9996547432735383 -0.02473565788024895 -3.2213761526501545 -0.5162395252890145 0.0166113557480933 0.8562831455045513 198.72257545340145 
0.8566226170689504 0.019952491936187124 0.5155575429380227 67.92915723835006 -0.008962549735016376 0.9996766448303505 -0.023796607260803744 -3.2619761165386763 -0.5158656550782507 0.01576399872335984 0.8565244492318825 200.2367779939876 
0.856911522384876 0.019589497906896344 0.5150911419184343 68.93909404748226 -0.008584082764643992 0.9996813492875711 -0.023738438122224533 -3.3070603684164737 -0.5153920505478394 0.015920152994093967 0.8568066251021167 201.9023486598377 
0.8572115509760795 0.019458659160510042 0.5145966455223134 69.85955995399739 -0.008211482363027635 0.9996752851793356 -0.024122516390836762 -3.3442454115410407 -0.5148989588748506 0.016452495187564333 0.8570929864301358 203.41428884093227 
0.8573948963072381 0.01978424382501978 0.5142786847809939 70.7802726510618 -0.008707701712234997 0.9996754709402264 -0.023940107914300655 -3.3801155017191307 -0.5145854420103053 0.01604793778352457 0.8572889223539736 204.92700030801757 
0.8576683660455949 0.01996064044965936 0.513815664292398 71.78947017867543 -0.008939904085622659 0.9996740799076483 -0.023912593138228334 -3.4138170163327612 -0.5141255307763062 0.015915608769513465 0.8575672812158235 206.59041477094286 
0.8579321983042991 0.020768152236127473 0.5133429819688093 72.70402072229047 -0.009779195261583802 0.9996617365984739 -0.02409937249850003 -3.4464917325691773 -0.5136698549054304 0.015655543240989427 0.8578450873684722 208.10073829325907 
0.8581610316389091 0.020734629020060003 0.5129617033672914 73.62041709105719 -0.00982923891838593 0.9996645005125673 -0.0239639836049957 -3.4747198541917403 -0.5132865079180504 0.015522930642875118 0.8580769249868826 209.6101381572321 
0.8584512124029987 0.02074895981337556 0.5124753523774832 74.63471862963614 -0.010027956232454305 0.9996693785131643 -0.023676439508603254 -3.505815362495555 -0.512797197118931 0.01518598472619792 0.8583754599591147 211.27586620294133 
0.8586846151287656 0.019638951508309032 0.512127946458401 75.5587273615394 -0.00892743541121077 0.9996870902404768 -0.023367125097946105 -3.53230310068987 -0.5124266210606518 0.015492998551038552 0.8585912501147123 212.79220068749484 
0.8589567061539573 0.019195197632112897 0.5116882953293682 76.47549700755904 -0.00837725747057758 0.9996901653259129 -0.023439175361385074 -3.5636454064944307 -0.5119796947374398 0.015846689123123363 0.8588513750065407 214.3071140651547 
0.8592315038850249 0.019129831449629098 0.5112291683126167 77.48330964820543 -0.008300403521232347 0.9996903864474656 -0.023457079526535782 -3.5976489830054716 -0.5115196333752806 0.015911650177634577 0.8591242597976194 215.97465489120552 
0.8593911810845997 0.01924611510829328 0.5109563339374256 78.39982571285931 -0.008905156226081404 0.9997031625600444 -0.022677852371072102 -3.62695895481563 -0.5112411420809491 0.014938997315588324 0.8593074715789003 217.50009948076706 
0.8594225705573908 0.018530077392883117 0.510930006667994 79.40334742204932 -0.008712597185886564 0.9997286794107428 -0.021602273882822223 -3.6635545958084372 -0.5111916912012622 0.014113951466834754 0.8593508369300564 219.17634658842272 
0.8594343559652492 0.017909636969746234 0.5109323076065958 80.32053824112563 -0.008448397595554442 0.9997472727039967 -0.02083303431562635 -3.6917343208766007 -0.5111763117052633 0.013588063265767392 0.8593684614891848 220.6994217719911 
0.8595479182143124 0.01774921463046439 0.5107468374317691 81.22861225061925 -0.008397235536301473 0.9997523062303543 -0.020610983510952086 -3.728545502563738 -0.5109861759434937 0.013427263609716597 0.8594840581969138 222.22032356641415 
0.8595461842603827 0.017896448817094446 0.5107446177065484 82.22677746080252 -0.008071635008866476 0.9997374084774658 -0.02144674387841456 -3.766439185109849 -0.510994339602946 0.014311919761107449 0.8594649286326369 223.89033149019278 
0.859509129972205 0.01827253207502375 0.5107936572989308 83.13714294867805 -0.007882721267440102 0.9997158006222246 -0.02249846042859381 -3.8018665275519283 -0.5110596124479687 0.015311185040905412 0.8594088955999785 225.4090084157932 
0.8594572647883822 0.01872378244002377 0.5108645811183772 84.0468140901523 -0.008155894552834426 0.9997040523353439 -0.022919187590188295 -3.838795237791343 -0.5111425443720355 0.015531501515598631 0.8593556199237015 226.928471203821 
0.8593897827120094 0.018100215408597468 0.5110005614826703 85.05014580122551 -0.007912139385821781 0.9997243477139656 -0.02210490140284341 -3.8796800969954117 -0.5112598250437318 0.014953615703070923 0.8592961016917371 228.60048297175257 
0.8593582584956003 0.017868787434975598 0.5110617186330642 85.95934880018451 -0.0076985653269894564 0.9997281246447904 -0.022009291538872437 -3.9171688217540814 -0.5113160714578591 0.014979421375668335 0.8592621845019455 230.11874158528076 
0.8592751034336491 0.017918563520816277 0.5111997769525868 86.87508601755289 -0.007533092449269752 0.9997211587010525 -0.022379843474610226 -3.9504957593512597 -0.5114582665527255 0.01537952404554938 0.8591704845539729 231.63461290405357 
0.859248317346153 0.01827612793969736 0.5112321415361942 87.89053230786065 -0.007322643179224439 0.9996986393765845 -0.023430948811287367 -3.978119288414191 -0.5115063218796775 0.016389429578823597 0.8591232036117608 233.2987847289348 
0.8591803198029216 0.018905742416198083 0.5113235191316845 88.8072680594092 -0.0078141992043685 0.999685431525267 -0.023832253868090854 -4.014372316616344 -0.5116132578908424 0.016480616446222104 0.8590577823081542 234.81210488338974 
0.8590082516415226 0.018825775590120126 0.5116154845433181 89.81495362747833 -0.00816214051213445 0.9997002698536109 -0.02308137667480367 -4.056464409436296 -0.5118966813552012 0.01565121242678355 0.8589044399090553 236.4753938883687 
0.8588742741053217 0.0186882505402573 0.5118454071324742 90.73658612151229 -0.008439753893650148 0.9997148238489119 -0.022339238091576934 -4.09201186650125 -0.5121169408961269 0.014866744598399506 0.8587870681920363 237.9872617415811 
0.8587463051919176 0.01873463552559754 0.5120583823878734 91.65987961751907 -0.008819844626504855 0.9997237627562866 -0.021785512268897845 -4.1230322673428645 -0.5123250950216632 0.014191949838323966 0.8586743243654458 239.49964122907673 
0.8586328337785644 0.018752229132338677 0.5122479876734817 92.67497356488268 -0.00858203431015997 0.9997164456909718 -0.02221208969481589 -4.151874408388578 -0.5125192823483794 0.014675896700362841 0.8585502973239659 241.15943286891377 
0.8585777726147381 0.019004138836468853 0.5123309880254404 93.59463557267438 -0.008815792772938317 0.9997122521362943 -0.02230907332806431 -4.174265325201733 -0.5126075492119275 0.014637467656859643 0.8584982555561874 242.66513897681156 
0.8584147086917133 0.018734108172034913 0.5126140958796568 94.5169274589006 -0.00867226632256325 0.9997200581256749 -0.022013568616766024 -4.196595068754729 -0.5128830169220292 0.014451242143151346 0.858336869956348 244.1726171639015 
0.8583338843313573 0.018969098763380866 0.5127407790467573 95.52826465319923 -0.008910853351515632 0.999716756581578 -0.02206815188083415 -4.22913022757376 -0.5130141801707481 0.014372881655073083 0.8582597980769344 245.83023746214687 
0.858166208810927 0.019182814531720143 0.5130134187990425 96.44869607468267 -0.009103597968942797 0.999713137879703 -0.022153249864736636 -4.256718318828073 -0.5132912349980547 0.014340899555470164 0.8580946663761058 247.33594276960304 
0.8580963365453037 0.01920865500126021 0.5131293160230891 97.36888961289539 -0.009313374837047335 0.9997178969231266 -0.02184920235305166 -4.293018809794767 -0.5134042730920079 0.013969751901479623 0.8580331626447817 248.84022933848428 
0.8579926202909498 0.018841474086602104 0.5133163279652158 98.3823263409895 -0.009547044557462685 0.9997393559111574 -0.020738230375067106 -4.3318440962233415 -0.5135732925756007 0.012892591953364396 0.8579488702912744 250.49519175246078 
0.8579475647708815 0.018337739139859175 0.5134098690122723 99.30136875419642 -0.00941640549648241 0.9997561696102573 -0.019973298347720117 -4.36498270082403 -0.5136509678698093 0.012301564421570812 0.8579110469820335 251.99783640682273 
0.8578514128903405 0.018361875389790356 0.5135696497072263 100.22017071026117 -0.008913558845975925 0.9997427695212906 -0.020855293747212376 -4.398471036783189 -0.5138205048999688 0.013313007052959597 0.8577944173300956 253.4982456641452 
0.8577910052714661 0.018629755820988914 0.5136608936213161 101.23255095574663 -0.008249813359809687 0.9997132231962019 -0.02248136950961354 -4.44159603284055 -0.51393242867051 0.01504670698981848 0.8576987030294057 255.1539053206141 
0.8577744121196235 0.01857607748877065 0.5136905463597128 102.14537456479522 -0.0077893794094891725 0.9997017889245075 -0.02314430433812149 -4.483133555946109 -0.5139673071933405 0.015851258331448313 0.857663310717335 256.6544111537546 
0.8576561760059063 0.018435689322881345 0.5138929842603489 103.06720325573446 -0.0077019957494070595 0.9997055697328723 -0.023009848756809288 -4.521951123233251 -0.5141658996952962 0.01577653417138921 0.8575456479820256 258.1619854176519 
0.8574999049283004 0.017857303873630943 0.5141741143719678 104.08110822782675 -0.0071826176038411755 0.9997155747588665 -0.022741583548344838 -4.5626851413924046 -0.5144339923136438 0.015807786537420106 0.8573842728087423 259.8177136332628 
0.8573582096783101 0.01763951944280812 0.5144178630120597 104.99533639033397 -0.007145040322810618 0.999724172491601 -0.022372468935955757 -4.596558008315916 -0.5146706306949596 0.015505680425097302 0.8572477620899459 261.31748814078935 
0.8572348072120082 0.018122293628118836 0.5146067021571891 105.91368735094919 -0.00749501883471272 0.9997137609928705 -0.022720493094718266 -4.621159998839729 -0.5148711677795169 0.01561980746530092 0.8571252604167857 262.81774171317704 
0.8569275013368913 0.017785663053459314 0.5151300008250741 106.92830289091258 -0.006956344882000067 0.9997125351997881 -0.022944634786526603 -4.643299191620115 -0.5153900233296891 0.016078463430510153 0.8568048883631351 264.4698678414893 
0.8566467991119529 0.01767464171087304 0.515600483612745 107.85255300589436 -0.006989716177370598 0.9997188627289829 -0.022656994618850606 -4.66419459613451 -0.5158560020838412 0.015805137725072988 0.8565295048111173 265.97236697676755 
0.85643857002836 0.01769302593326097 0.515945658648329 108.86815567067995 -0.0068396503926384635 0.9997136944557301 -0.022929202682652614 -4.6874865791117495 -0.5162036462570995 0.01610856244370044 0.8563143813427618 267.6229656121012 
0.8562603945495763 0.017055361520768402 0.5162627639435691 109.78769925466085 -0.006397169518321659 0.9997282392214681 -0.022417046180818773 -4.716144640247606 -0.5165048135449278 0.01589220522734351 0.8561368029107856 269.12288165306165 
0.8562703042933557 0.016058544752296035 0.5162782962620522 110.71013190792405 -0.005717706090569164 0.999750048893745 -0.021613597718424478 -4.742235395677207 -0.516496353602676 0.015555151211481754 0.8561480969366015 270.6243879030744 
