1.0 1.6740915386693348e-18 -3.491415771746515e-18 5.551115123125783e-17 -1.0790005704383755e-18 1.0 -6.289381994415395e-18 0.0 -2.757231068556391e-19 -5.333138167863308e-19 1.0 0.0 
0.9991183051279178 -0.001501039686201875 0.04195663790661428 0.048143116995959745 0.0016000515081937188 0.9999960138979773 -0.0023263796708182806 -0.023316941722452578 -0.0419529715878468 0.0023914606557804375 0.999116724334843 0.9657708872769952 
0.9959523825440023 -0.0053884978144471294 0.08972077231433767 0.14983332708238933 0.006046933963961222 0.999956734360727 -0.007068526824702532 -0.0512055658911067 -0.08967878658399418 0.007582449875918613 0.9959418760284379 2.0195730725401146 
0.991026713834072 -0.005941231897426438 0.13353185764252304 0.2850912907738389 0.0074880082765761795 0.9999105293180556 -0.011084367382367458 -0.0785414319792419 -0.13345403309371234 0.011984788965994898 0.9909825341550931 2.9714369654179924 
0.9832241328720938 -0.0036768378230986106 0.18236444481553496 0.4766584425374196 0.006320270984049229 0.9998831888591853 -0.013916282876491194 -0.1118904577058959 -0.18229194388828504 0.014835414253349664 0.9831325201764021 4.009919573423858 
0.973947909017345 -0.006183645751732644 0.2266875412497591 0.6998229327004958 0.009507745943338364 0.9998626534988989 -0.01357486828836852 -0.14423008935577897 -0.22657242604621342 0.015376498228004867 0.9738729334990514 4.944246281351376 
0.9627343974450135 -0.00729730948107921 0.27035021945632026 0.9636127976798389 0.011523352805848656 0.9998349223725957 -0.014047793771231647 -0.17925246669479133 -0.2702030339329823 0.016639630903612836 0.9626595613516274 5.864469482211169 
0.9483624208554768 -0.009779441505716305 0.3170380067020289 1.300181813242618 0.01602266538791081 0.9997255462073302 -0.01709112884624101 -0.21974237488120918 -0.31678379919205646 0.02128837281455829 0.9482588323136367 6.857349367327945 
0.9336676943926048 -0.012645856016829202 0.357917224816381 1.650234358096093 0.020812400525834603 0.9996033421093924 -0.018973737661545514 -0.25465701126845164 -0.35753525454487645 0.02516427621629221 0.9335605388083942 7.741769680180145 
0.9169347949504856 -0.0122505144140892 0.3988490102020618 2.033022502288561 0.021716565722348608 0.9995793335832257 -0.019223603987820387 -0.2904213320141946 -0.39844566144961163 0.026288415429650432 0.91681511088604 8.611325250121709 
0.896121602563189 -0.013087088077439375 0.44361563779050567 2.4987631781542863 0.023451287784847823 0.999564997693957 -0.017884428837105434 -0.3317849820704841 -0.4431885339908494 0.026429974122333413 0.8960386972399025 9.54598206803148 
0.8748433171225642 -0.013517822584098392 0.4842173869484835 2.9589701538963404 0.02447975298293865 0.9995670537498573 -0.016323206092379406 -0.3692426326967102 -0.4837870109171826 0.026133762791977842 0.8747954705758959 10.372763133021794 
0.8492447824245395 -0.013506597290170176 0.5278265980721517 3.50842553100017 0.025265636212623833 0.9995671317319212 -0.01507305845711536 -0.4103151980955433 -0.5273944438757491 0.02613658390076326 0.8492184247704783 11.253108559398072 
0.8243036093641434 -0.014019832642336761 0.5659744315535138 4.042209729947621 0.026993930334588398 0.9995296242218352 -0.014555354492282823 -0.4443952378761824 -0.5655040517416271 0.02727589810023518 0.8242943280405935 12.02653007259967 
0.7978358291747368 -0.016228685372271123 0.60265635311204 4.613503542462818 0.03125477348759322 0.9994067829230342 -0.014464499293035692 -0.4781289453331685 -0.602064005566554 0.030376175344277563 0.7978697640118574 12.768965685753562 
0.7671669626201227 -0.015193486590268063 0.6412675557177593 5.2741941297190795 0.03202945783852707 0.9993797061829055 -0.014639571973804581 -0.5148732731046375 -0.6406472470663926 0.03177043944891853 0.7671777336767975 13.555018645280468 
0.7375133819755995 -0.018318789446313734 0.6750840758249886 5.9116118114710705 0.03719500850463383 0.9992165588820306 -0.0135203627976839 -0.5463172214141656 -0.6743073966159687 0.03508119702263108 0.7376169520830141 14.236009476082224 
0.7064939582893143 -0.01817029427673699 0.7074858379771305 6.574418642832829 0.03830768299623277 0.9991866514111369 -0.012591961018854946 -0.5766476859624365 -0.7066814863604893 0.03599827788968696 0.7066153952297322 14.88684907684865 
0.6699983347441407 -0.01683722560095416 0.7421716994087871 7.330888326174566 0.03857176284378334 0.9991819281608258 -0.012152940583410458 -0.6098881568027426 -0.7413598026158145 0.036769310770124825 0.6700996704258808 15.567673893042933 
0.6356045212929208 -0.01787299075975627 0.771807973798967 8.048198705691277 0.04358775940149806 0.9989680834698333 -0.012762284772356858 -0.636015492287997 -0.7707833019831316 0.04175313515398616 0.6357276751163166 16.146938738105014 
0.596678168932891 -0.016289073252973137 0.8023153598474962 8.862135947982937 0.04449017387253303 0.9989277365859852 -0.012806326231280375 -0.6668093832373416 -0.801246327897545 0.04333639373240471 0.59676307751877 16.7475993067282 
0.5602183046255437 -0.01559557710441302 0.8281982517003532 9.626728156136492 0.04727012360053469 0.9987953587723565 -0.013166898854103581 -0.6943597222934006 -0.8269950848396167 0.04652535937275299 0.5602806485041822 17.25464191634654 
0.5227464337912874 -0.014178799424376179 0.8523703710682138 10.413455700196023 0.05295226262610395 0.9984709993818217 -0.01586574530954263 -0.7205119502162227 -0.8508419952510454 0.05342868802574801 0.5226979547936964 17.724080735502127 
0.4809984529756984 -0.013190582846716715 0.876622282252935 11.305330442390106 0.05483293606590825 0.9983819056794545 -0.015063868920286872 -0.7460932173023562 -0.8750049756484456 0.05531345727787346 0.48094343164104514 18.20509282451366 
0.4436942073334675 -0.014822054087767912 0.8960557415237482 12.139280745674174 0.059627109616614764 0.9981358771759886 -0.013014574311700661 -0.770910953301984 -0.8941923297257647 0.05920369043271885 0.44375090424789365 18.606420779095394 
0.4075184782283284 -0.015756698029738423 0.9130610912870407 12.992301865132507 0.06326329828421068 0.9979360898799824 -0.011014367229936357 -0.7962832720576445 -0.911002911236442 0.062251798993330824 0.4076742185961846 18.972755112974465 
0.36966385789513734 -0.01336212684919093 0.9290695511147338 13.947051247805948 0.06554756425351405 0.9977804977664728 -0.011730123973637416 -0.8202560531631489 -0.9268505831131096 0.06523443302550605 0.36971924421546615 19.344482000880056 
0.33695973474388846 -0.013653522514611991 0.9414201333604688 14.836636172457538 0.06694521072847735 0.9977115060455827 -0.00949158463243283 -0.8398209503087619 -0.9391359467815211 0.06622183488474365 0.33710264359845604 19.65313452049336 
0.30146973024540014 -0.016044268962812008 0.9533408288972555 15.837134437857639 0.06899174604923503 0.9976045620083335 -0.00502767883027717 -0.8602097524335104 -0.95097633389144 0.06728832495354059 0.3018545015779895 19.962753745632828 
0.2694963255948219 -0.01580946339101978 0.9628717190493558 16.760041767629797 0.06970807336567422 0.9975625190938509 -0.0031314095613088912 -0.8783920462341681 -0.9604750693749492 0.06796381926943304 0.26994148194299 20.213360605867884 
0.2378747569237369 -0.013052787145258699 0.9712082081195497 17.69273745497589 0.06754225880074007 0.9977114926303057 -0.003133918175548281 -0.892610894511598 -0.9689445208520144 0.06634305993743024 0.23821199479208424 20.439167232713174 
0.2044192419099195 -0.010870869815840414 0.9788231500282115 18.732886926248188 0.06760794439519045 0.9977073380499832 -0.0030387744205070642 -0.9075156116076071 -0.9765458402723233 0.06679738874598636 0.20468553613954202 20.653112269299097 
0.17462922859444763 -0.010555763611773806 0.9845777631183444 19.696578997330885 0.0693162335768223 0.9975934561997793 -0.0015989434815781942 -0.9207576868117846 -0.9821912895333128 0.06852642782298698 0.1749406627760958 20.817226740865518 
0.14488138395369443 -0.010908449007807961 0.9893889807451302 20.675752050471743 0.07100404704451305 0.9974758472728824 0.0006001133669584109 -0.9322157033796017 -0.9868979913510441 0.0701636595241062 0.14529022653984525 20.954798165004412 
0.11225664614057555 -0.011878103751681026 0.9936083345075641 21.7721295571121 0.0696371382486844 0.9975641349615714 0.0040578714616307954 -0.9427924436082795 -0.9912360709915005 0.06873650124359594 0.11281036256433247 21.07703304456021 
0.08353621276561998 -0.011818976671258807 0.9964347345873559 22.783353488378435 0.07014613432455735 0.9975189745887911 0.005951124817472458 -0.9486291284757407 -0.9940327228903262 0.06939889352485668 0.08415801413947326 21.160421413051925 
0.05424510367654505 -0.011156313908009705 0.9984654092445326 23.91194909947341 0.07297801143822004 0.9973077150143467 0.0071785907879652455 -0.9514297022019815 -0.9958571740980462 0.07247659929846569 0.054913227318670044 21.215954675083932 
0.029627013667839232 -0.010536308363429172 0.9995055751340395 24.951847740319348 0.07702908153241136 0.9969949071948221 0.008226568055757966 -0.9521870154008256 -0.9965884773052498 0.0767472496373386 0.03034958521283419 21.24016706500398 
0.007372906915451015 -0.010098372989212316 0.9999219128191721 26.00468860376604 0.08113317963415603 0.9966583068396627 0.009467175818821 -0.9511887545111279 -0.9966759151638668 0.08105702460121961 0.008167583344798796 21.239812148057233 
-0.014572681026662107 -0.009980221421924724 0.9998440882373477 27.17624120514951 0.08738210847073442 0.996111719132876 0.0112165527085329 -0.9491117090725045 -0.9960681888367664 0.08753191962978811 -0.013643924251507933 21.212757960178177 
-0.03198172617473194 -0.010633916355180125 0.9994319674377533 28.252641297770474 0.09167990541134746 0.9956966362170329 0.013527917804065306 -0.9458342624640903 -0.9952747345207416 0.09206045336387905 -0.030869179422345336 21.167910554300924 
-0.04729914589829372 -0.010264235081151013 0.9988281156517754 29.33844700860455 0.09482296172583773 0.9953853290448642 0.014719160523683751 -0.941782288038266 -0.9943697652853908 0.09540802223813749 -0.04610758943159758 21.108031889917882 
-0.06280868408901111 -0.010873009235304857 0.9979664397903095 30.540971894649537 0.09739549169848123 0.9951010432360368 0.01697153572174764 -0.9363747294841891 -0.9932618089911973 0.09826336973304181 -0.06144200368077269 21.024885282700225 
-0.07582119284070632 -0.01191481963713916 0.9970503254984501 31.64027350033528 0.09753422097338495 0.995044864403209 0.019307890999606017 -0.929916795762241 -0.9923396881078698 0.0987104518299096 -0.07428338459751876 20.93793144457596 
-0.08787712612297163 -0.01208812847702616 0.9960580582105154 32.74456198830507 0.097303781307205 0.9950402622344079 0.0206603913684084 -0.9222671400822695 -0.9913674492021075 0.09873576902774181 -0.08626505671202023 20.83892872149685 
-0.09996771613622019 -0.00910545054045298 0.9949491010155553 33.97011714941766 0.097380184593119 0.9950679561086073 0.01889083008060025 -0.911686374767656 -0.9902138103871432 0.09877677801130613 -0.09858797922122671 20.71286079960993 
-0.10993173942691604 -0.005390500494295305 0.9939246057641535 35.10031430281303 0.09797867995588631 0.9950561063680018 0.01623343880898482 -0.9010516845676031 -0.9890980872692198 0.09916796870964865 -0.10886009318504367 20.58422555377952 
-0.12008218698737867 -0.002440546270174147 0.9927610379598931 36.36743391288838 0.09905973517038535 0.9949768850033257 0.014428037487929535 -0.888799362671199 -0.9878093302816678 0.1000751733419437 -0.11923723919739633 20.426203374967603 
-0.12743251800149397 -0.0012556719825611467 0.9918465318451712 37.54195475239988 0.09890136252020566 0.9949992251514315 0.01396651440791572 -0.8781738866780495 -0.9869039010561513 0.09987473909772274 -0.1266710677136207 20.273287152627862 
-0.13314103841347794 -0.0007425599124131315 0.9910969066343301 38.73749260183598 0.0983797124309479 0.9950510077940845 0.013961559660623502 -0.8674029038389344 -0.9862021762238402 0.09936266291249102 -0.13240907033497207 20.11118696601251 
-0.1386139596410946 0.000978207433043029 0.990346090465023 40.07360896786642 0.09940180072110978 0.9949633650201253 0.012930018153349999 -0.8561522220697071 -0.9853452637647313 0.10023444328173378 -0.13801304601994963 19.92105210309346 
-0.14297556923411067 0.002831563522083669 0.9897222510575627 41.30817390193965 0.09870616534172097 0.9950511812043635 0.011412308368393952 -0.8461035887184349 -0.9847918137017464 0.0993233471612387 -0.14254750054467175 19.74143202791366 
-0.14701338638693287 0.003971727848950612 0.9891266121139615 42.563949067416274 0.09899638635667031 0.995030066694538 0.010718345923573356 -0.837870722371111 -0.9841679819709988 0.09949567827398458 -0.14667592508555646 19.552185454048384 
-0.15027383244208048 0.002973016279647106 0.9886400262449633 43.969668850038595 0.09876829383273326 0.995037854038167 0.012020575769174723 -0.8293142359542465 -0.9836983463461474 0.09945264430318791 -0.14982179021552247 19.336664626626394 
-0.15250286338271152 0.0006146881899229769 0.9883029210483898 45.27024176375998 0.09934974901170136 0.9949438158442777 0.01471162051148321 -0.8189384670214355 -0.983296670064315 0.10043118892778508 -0.15179284865631565 19.133442241200527 
-0.15471369228773468 -0.0004051477033338574 0.9879593484045303 46.58814335168612 0.09928341413932547 0.9949312639780645 0.015955711623932337 -0.8066861583885814 -0.982957941389478 0.100556521698537 -0.15388926369254696 18.92576739913439 
-0.1568296365676776 0.00036919644940856025 0.9876256849146475 48.05886509613733 0.10161722336574651 0.9946986598916361 0.015764423639155475 -0.7905284455889623 -0.9823839588773206 0.10283208572311454 -0.15603574476329013 18.689002262011098 
-0.15781382462300636 0.0008747881872172995 0.98746857983733 49.415551796277384 0.10130554180737043 0.9947375637096666 0.01530907134954976 -0.7768687035961332 -0.9822585309628836 0.10245199974149095 -0.15707195903679275 18.470398022571853 
-0.15837075426356204 0.0017760370489116857 0.9873782023706043 50.9308093326619 0.10339065167821904 0.9945307929933922 0.014794461146286913 -0.7606590182901813 -0.9819515849286942 0.10442866253154169 -0.15768821617543782 18.22269966654334 
-0.1584472207699834 0.002271496589921052 0.9873649189422308 52.32755911291224 0.10293617141057783 0.9945861637640526 0.014230551763173883 -0.7487168854046151 -0.9819869961646468 0.10389033278658807 -0.15782323134988435 17.99586885801014 
-0.15796216486709416 0.0035114915031337433 0.9874390049730638 53.74266677005924 0.10297932821531224 0.9945993656512971 0.012936805701048036 -0.738753485620465 -0.9820606143188981 0.10372930812054312 -0.15747067873351447 17.766407853889298 
-0.15669565923118267 0.0035215281139369453 0.9876407413263383 55.32314009038861 0.10330537317519156 0.9945667582674201 0.012843845296558215 -0.7278464968993201 -0.982229254278025 0.10404114698959407 -0.15620808533597066 17.512141713880528 
-0.15525534876102706 0.0023179144365854994 0.9878717369894489 56.78134464734442 0.10241572005255442 0.9946464844841394 0.013761988228698405 -0.7192225954892439 -0.9825510849629026 0.10331019452032246 -0.15466157644057077 17.280908458647506 
-0.15416249849785718 0.003036808104428107 0.9880409235931755 58.257926347918094 0.10340166284762353 0.9945537166437771 0.013076772224553121 -0.7092938395402086 -0.9826198948478884 0.10418099914630835 -0.15363689557913227 17.046684600142886 
-0.15288305769955968 0.0039674406019785296 0.9882364064257985 59.90575849967242 0.10334631668161011 0.99457310325579 0.01199509258280468 -0.6978504002977413 -0.9828255933781519 0.10396441589338526 -0.15246339622810592 16.789557449176808 
-0.15195237069096124 0.004623670812413842 0.9883770857597919 61.425787090154046 0.10433944249160475 0.9944765335245676 0.011388861169671615 -0.6897526903323672 -0.9828649934113491 0.10485725522896373 -0.15159549682539877 16.55278506832498 
-0.15084922600313835 0.004478474837816952 0.9885467208374091 63.11944060074737 0.10396931888983725 0.9945156283125898 0.011359881858618767 -0.6816311748517814 -0.9830741219063518 0.10449213538537366 -0.15048753548194765 16.291993636240864 
-0.14993360551823615 0.0028103409680760977 0.9886921568282402 64.67818464519658 0.10566223717548953 0.9943145011040051 0.013197185354441735 -0.6739508090981963 -0.9830336937299304 0.10644610311707375 -0.14937810380795077 16.051031639891796 
-0.14927468545612954 0.0010581985878652322 0.9887952839645391 66.25086900666325 0.10688953026139246 0.9941566482018964 0.01507276853660778 -0.6658900929803235 -0.9830012889382023 0.10794182228652827 -0.1485155300284956 15.808222790658789 
-0.14844098170927245 0.0016864778322650705 0.9889199137811943 67.9934105036628 0.10854502548110466 0.9939843453451016 0.014597940525203088 -0.656092302653227 -0.9829461276530392 0.1095092456380609 -0.147731069531801 15.54216488065601 
-0.1474143279232476 0.003931734889263944 0.9890670970948311 69.58886500652132 0.11086190608441637 0.9937562886172808 0.01257290153988923 -0.649212816540043 -0.9828420479511236 0.11150326485340117 -0.14692979375949958 15.297536744778998 
-0.14677518755805652 0.0036420252471166883 0.9891632550663606 71.20093371637847 0.11011573168471064 0.9938378853717027 0.012680081459026854 -0.6453520793068421 -0.9830215701635739 0.11078353245193344 -0.14627178503113922 15.055877942129648 
-0.14655768896870283 0.0032225907764927577 0.9891969591184692 72.99081579819355 0.11051051941367813 0.9937881490294354 0.013135493316271559 -0.6406233568681285 -0.9830097183458346 0.11124175274025647 -0.14600342335529917 14.78639882799705 
-0.14634381787525122 0.001708602457181698 0.9892323957898098 74.63606779811445 0.10982102367321706 0.9938451707107109 0.014529991286368598 -0.634845052938499 -0.9831188469094 0.11076486428642134 -0.1456307358562914 14.54185392955608 
-0.14593703836652788 0.0019990904964978812 0.9892919436248974 76.46201611878105 0.11173331780475769 0.9936328050046882 0.014474659549722074 -0.6258452641896912 -0.9829638263964466 0.1126492352547411 -0.1452311925284956 14.267365496524999 
-0.14592204215370574 0.0021878928380302557 0.9892937561663617 78.13688144266688 0.11238907418374625 0.9935602182473429 0.014380194270357412 -0.618719325562898 -0.9828912916104822 0.11328417171419643 -0.14522823002903917 14.01777586927462 
-0.1458969775930859 0.0031836406043589476 0.9892947496120564 79.82336149394332 0.11288591222328671 0.9935169101259663 0.013450702054526672 -0.6118229097849206 -0.982838074291271 0.11363983202497355 -0.14531050127923378 13.765458893345125 
-0.14627865548117938 0.0038999000961186144 0.9892358217112214 81.69400101536752 0.1123055616151908 0.9935926914804964 0.012689583407646017 -0.606316596645684 -0.9828478281512681 0.11295287484054801 -0.14577938220675132 13.487353136068597 
-0.14736300460860227 0.004166081275616511 0.9890737858283549 83.40855924605033 0.11122656397195252 0.9937178861363076 0.012386100452115377 -0.6031987863652828 -0.9828085438532315 0.11183650702021317 -0.14690063106979676 13.23066660595602 
-0.14850114082696814 0.004996380380523904 0.988899697881526 85.13547692717536 0.1106613934436597 0.9937905078722243 0.011596710698199756 -0.6013225245365528 -0.9827010251042804 0.11115511877496025 -0.148131929307339 12.970423824123774 
-0.14956770549695025 0.0043487524294688155 0.9887420062329637 87.05283160988651 0.10948677477637911 0.9939134950599385 0.012190640149659851 -0.5987773432016488 -0.9826708427521571 0.11007747509460397 -0.1491334905252149 12.680903896770596 
-0.15052572165636707 0.0038716064376877204 0.9885985953880873 88.81000672106653 0.10966713064776025 0.9938858754626166 0.012805789161356915 -0.5943216850039004 -0.9825044352099876 0.1103443475939337 -0.15002997534584106 12.411576895085101 
-0.150907366873477 0.0027821045895189333 0.9885440766718927 90.58317445835536 0.10703737590015758 0.9941627712267208 0.013541996110791769 -0.588945329197093 -0.9827358771957935 0.10785472700120759 -0.1503242739499193 12.141532385417996 
-0.15240599683384543 0.003936932956835257 0.9883102132498339 92.54642298094467 0.10680522601169955 0.9942012611152831 0.01250988723174724 -0.5814998458072436 -0.9825298435367625 0.10746325370532145 -0.15194271799458312 11.835889260760657 
-0.15489985039128853 0.005252822907591711 0.9879162965523861 94.34506500608451 0.10571486411470832 0.9943324076493953 0.011288568143396556 -0.5756150311791419 -0.9822577266479287 0.10618601098881089 -0.15457724137099907 11.554430183748405 
-0.15897011018710283 0.005195555331322523 0.9872698085404458 96.33735505909209 0.10638504645677767 0.9942538234512022 0.011897798994826368 -0.5682700382365098 -0.9815348001547156 0.1069221151549288 -0.1586093679913392 11.233701147209326 
-0.16351173090561086 0.0047624559231599735 0.9865299778589817 98.15972462031733 0.10419431069447703 0.9944787962840236 0.012468781437559466 -0.5663116381776516 -0.9810235968629433 0.10482957975639437 -0.1631051688679807 10.935658578224258 
-0.16821010234782713 0.003589337930567645 0.9857447145254189 99.99015319372774 0.10197009969498998 0.9946920388016124 0.01377852813603893 -0.564514737067618 -0.9804627981464266 0.10283415152986329 -0.16768325352248292 10.627792771226385 
-0.1732049108626512 0.004931647339166216 0.9848735459505882 102.01031410784194 0.10098830183580251 0.9948055401949375 0.01277893572965064 -0.5632967145745555 -0.9796944729449415 0.10167405867219242 -0.17280324233063296 10.276492657492183 
-0.17771069632030367 0.0062431618772239485 0.9840630543216032 103.85562688487406 0.10148291842974817 0.9947647176464091 0.01201561092130512 -0.5615973729517376 -0.9788360253635642 0.10200087052059724 -0.17741390366293822 9.94462897984696 
-0.18214123308028057 0.00796474317871097 0.9832402032779052 105.70860471797546 0.10124070072694626 0.9948044617689017 0.010696002411453989 -0.5633149232354855 -0.9780463848237528 0.10149208760307998 -0.18200126625031227 9.60249207211017 
-0.1872573555941685 0.00878736484321716 0.9822716670764097 107.75958927102124 0.10009990253193182 0.9949252905686827 0.010182180042969433 -0.5679500814938239 -0.9771972839266169 0.10023196386632188 -0.18718669201998775 9.21436264510972 
-0.1920849327501787 0.0076553232133325915 0.9813485299767233 109.63431859926088 0.0979912619745168 0.9951217773024469 0.011417617120132678 -0.5708598774096243 -0.9764737225604384 0.09835671109589275 -0.19189805318222725 8.852385804698615 
-0.19779852907073525 0.007461665882289087 0.980214378451436 111.70531950111389 0.09603701931269831 0.9953077839081074 0.011802849430518845 -0.5723674012833484 -0.9755267668282737 0.09647143181136135 -0.19758701050785993 8.442841644388693 
-0.2032226180024927 0.006593904522186535 0.979110438042522 113.59525317863077 0.0950957015917419 0.9953827969843062 0.013034417478649465 -0.5718167539355092 -0.9745035738233038 0.09575806099249791 -0.20291134862201618 8.056927809651414 
-0.20853940118203942 0.006446225310066742 0.9779928046261834 115.4916646974732 0.09502138107846723 0.9953809457957289 0.013700763425718712 -0.5696050848295111 -0.973386919982924 0.09578735449164033 -0.20818867434438104 7.6586426799935445 
-0.21432360645472234 0.007908141801372563 0.9767307787520112 117.58334375000666 0.09558872370002007 0.9953371131191807 0.012916198648221758 -0.5669490427073531 -0.9720740860472312 0.09613267327172412 -0.21408016763478213 7.204130716111825 
-0.21981997959453736 0.00887435745628293 0.9755001707331552 119.4931783801537 0.09523181343523396 0.995377834365935 0.012404418376152077 -0.5648170037363083 -0.9708810018889263 0.09562536782421845 -0.21964905512569957 6.7800229986219485 
-0.2255357205401242 0.00885796731452619 0.9741947112886618 121.40981695635433 0.09571967794903406 0.9953219944994286 0.013109979399049496 -0.5635221995199489 -0.9695211312917132 0.09620635113814775 -0.22532854371210792 6.339527228221842 
-0.23144866325860086 0.009216198251007165 0.9728035453480192 123.52492284052549 0.0947296562569706 0.9954167392991408 0.013107569436776103 -0.5624784867096899 -0.9682239673445747 0.09518705355200706 -0.23126091972388918 5.842645606598848 
-0.23643487083731518 0.009566241933983846 0.9716003285061982 125.45359590078608 0.09423242337216332 0.9954636397523359 0.013129864361138083 -0.5596064199719941 -0.9670670323522466 0.09466059007044834 -0.2362637659847778 5.37899486254077 
-0.2419020873259429 0.009740396273655444 0.9702518559002197 127.58271020343612 0.09303719602298174 0.99557511353366 0.013201305813958519 -0.5578235149630677 -0.9658298522709572 0.09346291456313344 -0.24173791594833507 4.855768896629753 
-0.24615373141502211 0.009825900947076874 0.9691810722901348 129.52374979087213 0.09460702087295472 0.9954171419372296 0.01393650487818835 -0.5543346371301132 -0.9646023511075341 0.09512183532713452 -0.2459552417580648 4.3641021085369385 
-0.24990301996951217 0.008581296368614266 0.9682329267108866 131.47171300254757 0.09623588316626734 0.9952296597329013 0.016018122152440053 -0.5483284128982604 -0.9634765069441903 0.09718170623692376 -0.24953672490638096 3.8608820255266716 
-0.2536935181044979 0.009913705927183266 0.9672339300208009 133.6201489923536 0.0977093161744951 0.9950953958051136 0.01542866990530618 -0.5412410188883967 -0.9623369123243531 0.09842189752617553 -0.253417911982564 3.29567072027327 
-0.25662909617000773 0.010350841835276613 0.966454616056295 135.58007021261417 0.09799427946235716 0.9950683780135309 0.015363767392778487 -0.5347363427325256 -0.9615292366219703 0.09864979153105183 -0.25637782051007946 2.773807046735393 
-0.25990513856770125 0.010141621639355418 0.9655809774435944 137.5473166832408 0.09714722286653296 0.9951462326660923 0.015696935001622104 -0.5285379115776323 -0.9607349171248079 0.09788320268934113 -0.25962884861962726 2.244336619060727 
-0.2640800027454625 0.01038603778155876 0.964444938577304 139.71845930946384 0.09578431481305398 0.99528128355118 0.015509116632358167 -0.5209820747845844 -0.9597327557500914 0.09647432366960537 -0.26382870235140066 1.6531104203463867 
-0.26839678508797127 0.011279333427394102 0.9632424924078289 141.69931026352134 0.09449519652642083 0.9954171660202803 0.014673937983004781 -0.5166722702867086 -0.9586624375715617 0.09496020519218792 -0.2682326087572552 1.104774179283192 
-0.273147112134889 0.011115717480004443 0.9619081309139329 143.88545176618692 0.09359648120899078 0.9954960922148025 0.015074153729108605 -0.5110016742274914 -0.95740806340408 0.0941486568145952 -0.2729572735200996 0.4881775178602661 
-0.27756159338661146 0.011343230153140194 0.9606409573615372 145.87960752072476 0.09374609197546387 0.9954780794077156 0.015331819242285025 -0.5046703657648217 -0.9561229411399405 0.09431183865666587 -0.2773698641485765 -0.08404881657842656 
-0.2819094375871791 0.011863001461400758 0.9593677572963721 147.8783141307494 0.09324848535587546 0.9955284965609823 0.01509084257953836 -0.4992340856369675 -0.9548987568518352 0.09371382026997457 -0.2817550842364593 -0.6675944462354746 
-0.28673267006668635 0.012376955418703702 0.9579307605320463 150.08351794535696 0.0928661353981025 0.9955666023715164 0.014933926109689891 -0.4941952773534548 -0.9534988747398809 0.09324135137761015 -0.286610868897498 -1.323162499813205 
-0.2907855190783345 0.011411267538087654 0.956720293277111 152.09485653873804 0.09254384343801816 0.9955759521241635 0.01625304911094978 -0.488253391512357 -0.9523020879137725 0.093264703520922 -0.29055511132986317 -1.931293202127427 
-0.2948952256552744 0.011467578287685009 0.9554608599167058 154.10985956150358 0.09308753778778645 0.9955164806223268 0.016782375840668204 -0.4816229789019977 -0.9509844185565375 0.09389052046553147 -0.2946405445787759 -2.5511203181164475 
-0.2990561248221269 0.012138400295547922 0.9541583973981016 156.33224296678415 0.09411833845511937 0.9954186558835525 0.01683564432438973 -0.47352585385331225 -0.9495825510080678 0.09483858441746187 -0.2988284906290972 -3.2466410831791217 
-0.30252222018470876 0.013278508208904237 0.9530499152911944 158.35714572221767 0.09425348262225045 0.9954188523780606 0.016049622319741597 -0.4660477675857082 -0.9484705774445489 0.09468361992567832 -0.3023878656375343 -3.8879380244253943 
-0.3059956260999209 0.01541831593455677 0.9519081392077238 160.38649088433695 0.09474254600680254 0.9953986257989058 0.014332716633208105 -0.45936145566685194 -0.9473069070451776 0.09457192822358162 -0.30604839498984104 -4.539341957045811 
-0.30960914214204627 0.016061941472954623 0.9507283239225399 162.62574328640497 0.09540718961243373 0.995336267863687 0.014254230460903565 -0.4537147168700446 -0.9460652710206479 0.09511953638968128 -0.3096976314967565 -5.267671076589677 
-0.31285836667690425 0.016908437543219017 0.949649356111862 164.66716853758888 0.09519764850589538 0.9953649363340046 0.013640097929698157 -0.45080595831881776 -0.9450168782715537 0.09467178331507632 -0.3130178904895179 -5.940232965823809 
-0.31660203970066975 0.017050864559698148 0.9484052765055557 166.91889029533672 0.09504300154047109 0.9953770603915909 0.013832445149015224 -0.4475268125157339 -0.943784841377361 0.09451864349080799 -0.3167589717058215 -6.690657407065174 
-0.3204616061130333 0.01697707501905505 0.9471094390564238 168.97180014659548 0.09503928697342336 0.9953705908712908 0.014315089806727927 -0.4437134681425532 -0.9424816941774175 0.09460002142487826 -0.32059154610240215 -7.382978070862101 
-0.3241302101502178 0.01717596162844709 0.9458566193833796 171.02870463405452 0.09635699408788946 0.9952345984693676 0.014947399616295948 -0.4398895760495731 -0.9410923376241503 0.09598478318411895 -0.3242406223556335 -8.088788100554218 
-0.32751687231152354 0.018157031403604355 0.9446709328667104 173.29635644909695 0.09882414207319001 0.994989762968612 0.015138085065050388 -0.43437120475074353 -0.9396628859040803 0.09831425104102098 -0.3276702869761546 -8.878115444414716 
-0.330185042520162 0.01770133495319023 0.9437503117827973 175.36446765276983 0.0994694060768736 0.9949097148084521 0.016139942232477365 -0.4274294755014161 -0.9386604962009418 0.099203428631395 -0.33026504653917055 -9.604628263800318 
-0.3327771756019339 0.017056005899941842 0.9428513108303209 177.43823085273021 0.0993553179553036 0.9949055994605728 0.017069565296649547 -0.41925030625955517 -0.9377567513276448 0.0993576315975683 -0.33277647904567703 -10.338477163415835 
-0.335726197387551 0.017052482228718364 0.941805331892613 179.7253371911264 0.09813236268013044 0.995028755053804 0.01696517308639732 -0.4095662046025623 -0.936833930075867 0.09811721379391122 -0.3357306193738843 -11.154049115990727 
-0.33861040426618544 0.01881445223240541 0.9407386247562602 181.8079810816646 0.09725323225588707 0.9951450716117151 0.015102858350467197 -0.4023280809394325 -0.9358870957531098 0.09660383557814538 -0.3387962400741097 -11.903898577935704 
-0.3417601434006417 0.020248778371247025 0.9395691249609621 183.8963464017809 0.09716680794394879 0.9951710904702258 0.013896517133428656 -0.39646385985903243 -0.9347504850172139 0.09604418716078016 -0.34207732252798795 -12.663427810524427 
-0.3451553137371744 0.021640205855807556 0.9382961471222311 186.19906810568395 0.09545297772803081 0.9953597097978362 0.012156405250733528 -0.39689054726150874 -0.9336789556371196 0.0937589883069198 -0.3456193137869369 -13.510108415924261 
-0.348347639608714 0.023105591677698798 0.9370806806446002 188.29690494546648 0.09427191428634538 0.9954911289354513 0.010498542897167631 -0.3978167908299257 -0.9326127718666481 0.09199751179480739 -0.3489551921584713 -14.2897954538073 
-0.3523443591014974 0.02308736772086148 0.9355856850218566 190.61073934355153 0.09501437133729167 0.9954126806678784 0.011218976401932056 -0.39923843170133044 -0.9310346805838514 0.09284700814389316 -0.3529216735277104 -15.162574931504002 
-0.35581665355940606 0.02194152109757159 0.934298253376459 192.719717434635 0.09416584380387705 0.9954782534424594 0.012483661432814314 -0.40158062793617333 -0.9297995256512177 0.09242085751757013 -0.35627388146622063 -15.96667815029206 
-0.3594094040067974 0.021206223976131068 0.932939078137638 194.83183955255697 0.093850126637037 0.9954944364708814 0.013527072993951651 -0.4012841918538501 -0.9284486466472055 0.0924181873682486 -0.3597802676973307 -16.78063431740052 
-0.36353249699911017 0.021305939449022912 0.9313379232103414 197.15726080410843 0.0940839822253823 0.9954665091570227 0.013951145394523213 -0.39969638008790187 -0.9268183122128586 0.09269565478955641 -0.3638889721709484 -17.68795671292805 
-0.36685760896341085 0.021445535225478648 0.930029961880878 199.2739440199023 0.09314024037348033 0.9955575903431095 0.013783357471106226 -0.3982627787683708 -0.9256026397372095 0.09167972342811573 -0.3672253182751546 -18.52216637483859 
-0.3705097456487764 0.02202451679918637 0.9285674960993145 201.39104262817304 0.09213596325027622 0.995659634821585 0.013147503860488954 -0.3986839083445892 -0.9242474503069649 0.09042571891640583 -0.37093084691296746 -19.365304777901954 
-0.37393091136087153 0.022091169944894046 0.927193506817786 203.7201158567871 0.09210578068642163 0.9956587483673176 0.013423224617433735 -0.40065891361875106 -0.9228716356415327 0.09041922032684194 -0.3743423064291619 -20.305254648701016 
-0.37664120300948445 0.02271516286807561 0.9260807581243231 205.8378773681184 0.0930790416831413 0.995568061177215 0.013436092104669709 -0.40363844480888744 -0.9216710659221214 0.09125927514751793 -0.3770862566270788 -21.169483807864147 
-0.37932280582464545 0.022859552614075743 0.924982050901955 208.16940895939015 0.09439054097986903 0.9954352829252294 0.014107597529547159 -0.40572590102789463 -0.9204371204565087 0.09266086916422724 -0.37974902887214995 -22.135401421242594 
-0.3819144617291791 0.022525728090739165 0.9239232001770473 210.2906683164418 0.09528877886152894 0.9953348061944308 0.015121945749384556 -0.404634634112373 -0.9192721310235047 0.09381478256781106 -0.38227920467075704 -23.020807356941212 
-0.38431631501137475 0.023136813982349666 0.9229115894100872 212.41228812176195 0.09628103145379038 0.9952389922684265 0.015143061312500922 -0.40256845953377285 -0.9181670826612738 0.0946785844219893 -0.3847142171811903 -23.91356608605255 
-0.3869994825173545 0.024351805640114698 0.9217583922819127 214.74628644976173 0.09673752254470296 0.9952068661531857 0.014322930968570043 -0.4010630563547575 -0.9169913365564415 0.0947115692604622 -0.38750027435066947 -24.901275037415182 
-0.3896589859691371 0.024519916538250457 0.9206328212956172 216.86900314559583 0.0960531058260079 0.9952756774321132 0.014146654084694609 -0.402627591581306 -0.9159364251399102 0.09394199198456811 -0.3901733241715595 -25.80661924640465 
-0.39226377118896316 0.025331536500794744 0.9195039913008738 218.99133073943747 0.09550139370809223 0.9953401677905703 0.013320481264590825 -0.4059835798904887 -0.9148816739464863 0.09303903437352767 -0.392855083680937 -26.717763008483676 
-0.39531925310148996 0.02653809599789179 0.9181604217748542 221.32530747851007 0.09544780351356626 0.9953581176388094 0.01232621150090821 -0.4119661250883144 -0.913571160365781 0.09250916383593677 -0.39601722941511763 -27.728283677320523 
-0.3976849585506799 0.026559854233285263 0.917137606957954 223.44745181778038 0.09360505100251487 0.9955399737680996 0.011758233981241989 -0.4198565831178591 -0.9127346977849311 0.09052476523642285 -0.39839740852285144 -28.65187851689096 
-0.4005098398517721 0.0272063070045646 0.9158885450010005 225.56713253403626 0.0937760331359064 0.9955276426876312 0.01143543900398061 -0.42903023998781253 -0.9114810939095076 0.09046838037550674 -0.4012699150991805 -29.5844721346211 
-0.4032296965072536 0.026974705787024246 0.9147012181922858 227.89740939638241 0.09568946405079452 0.9953285407895621 0.012830565029718874 -0.4390198880964955 -0.9100819740740256 0.0927009137442733 -0.40392721938098797 -30.6217172672263 
-0.4056679231956356 0.02632081678726071 0.9136415554435249 230.01539871801663 0.09578329385329108 0.9953057757788601 0.013855481367568829 -0.4455642120573018 -0.9089878757496055 0.0931323014222842 -0.4062847203482915 -31.569444628228087 
-0.4090488009717925 0.02549482543203016 0.9121563643311754 232.3425511345868 0.09483327941494196 0.9953845388841874 0.014706117792935293 -0.4472241041267364 -0.9075712586482764 0.09251827883476356 -0.40957860885561737 -32.61789440625123 
-0.4119866172556886 0.025818853855135656 0.9108241072065728 234.45568241456058 0.09367173693902289 0.9955025693422429 0.014150658984136808 -0.4486055579126864 -0.90636223181167 0.09114833818195993 -0.4125522317154101 -33.57689532057259 
-0.4152562079170245 0.025289155638869174 0.9093530008905683 236.56729934870506 0.0921610987682503 0.995640031107071 0.01439657356196587 -0.45141886983447277 -0.9050240198023957 0.08978521843198728 -0.4157763789553654 -34.543559260411875 
-0.41891822516107785 0.024325930695942726 0.9076981376321387 238.88812104990802 0.09099092401704914 0.9957340504862171 0.015308606623123453 -0.4534141070304343 -0.9034533942667138 0.08900532690447559 -0.41934457889129084 -35.615128698762945 
-0.4223483237621053 0.02438717496604538 0.9061055666780007 240.9925291439328 0.09043042881733682 0.9957844719242852 0.01535004883804493 -0.45517260440450724 -0.9019113563256669 0.08842256278312627 -0.4227732440545322 -36.59722569344499 
-0.42585586436372186 0.02388346913878584 0.9044758156245033 243.092571199619 0.08960324886312428 0.9958507475560505 0.015891738667918685 -0.4565293936437276 -0.9003432149841774 0.08781154226989964 -0.4262289161270187 -37.586609587956715 
-0.4299574064999193 0.024635531216246835 0.9025130785525707 245.39533191837023 0.08908754936018347 0.9959069485191601 0.015256454496851073 -0.4585695194317263 -0.8984430432216373 0.0869622847823449 -0.43039228662658 -38.68300689270483 
-0.4339204911174239 0.023876773332443795 0.9006348007274163 247.48485987986786 0.08797978301587003 0.9959940227523789 0.01598328422327655 -0.4581668367088234 -0.8966450972831633 0.08617310978744748 -0.4342828876635994 -39.68715277319451 
-0.43764219118949504 0.023961229488591144 0.8988299664700138 249.5683759568056 0.08783515869339427 0.996003035074403 0.01621542387973657 -0.45801657715499755 -0.8948486817611551 0.0860454073197968 -0.4379975879220883 -40.702061678534 
-0.44133768931508666 0.025070416328622253 0.8969908886415046 251.85479880611697 0.08853479929643261 0.9959489570769471 0.01572466754330411 -0.4594355890183097 -0.8929627650381745 0.08635477762694847 -0.44176941449945195 -41.82864149879819 
-0.44485141414864665 0.0250135906491801 0.895255089447606 253.93120461613003 0.08813123176599515 0.9959809354963763 0.015964431388151363 -0.4589455494079686 -0.8912575229837938 0.0860017146266986 -0.4452680050067054 -42.861535930953806 
-0.44872043033351844 0.025224718638472608 0.8933161948361531 256.2148038257141 0.08718230893388902 0.9960691816455184 0.015666247993362265 -0.4563250044208693 -0.8894094040001617 0.08491111520606465 -0.4491557398761875 -44.004778414770236 
-0.45222157242556826 0.025088956123277252 0.8915527624161315 258.2912145903496 0.08701800358432263 0.9960765075774991 0.016107732472290137 -0.4530581262979001 -0.8876504855690743 0.08486538679267153 -0.45263047422186226 -45.05461404781708 
-0.4555485608415234 0.025905198281358215 0.8898340088780542 260.3631601843258 0.08756855056863808 0.9960326531795776 0.01583362555157557 -0.4481408035870993 -0.8858934056912319 0.08513444090680448 -0.45600972121083355 -46.111723783858764 
-0.4592545069730227 0.02708925466878013 0.8878916620046776 262.6405443566064 0.08910657499952145 0.9958982720788511 0.015705124253533393 -0.4432329516148814 -0.8838241823640063 0.08632961502108345 -0.4597845994836623 -47.28965639585033 
-0.4623564924319824 0.02900902899526617 0.8862195455880515 264.708204136239 0.09122005014167359 0.9957178157207384 0.014997829779233265 -0.44067525679021724 -0.8819893684950986 0.08777531604341993 -0.46302280065452217 -48.368024573626094 
-0.4651073531858126 0.02974746817044392 0.8847544125623515 266.77718687998663 0.09204248821078367 0.995643445627336 0.014910081926747913 -0.43910986116324024 -0.8804562457173413 0.08836976691135763 -0.4658191175499305 -49.455973129481784 
