1.0000000000000002 -1.5173449072976852e-18 -6.169648012420258e-17 0.0 4.837659334571206e-19 0.9999999999999999 -6.728287459099362e-18 1.1102230246251565e-16 6.790893071282133e-17 -6.319824412776191e-18 1.0 0.0 
0.9999999987989184 -4.130115485954223e-05 -2.6385159090756616e-05 0.04128867019723759 4.130030519829695e-05 0.9999999986211163 -3.243880342840321e-05 0.022189313079590045 2.6386499863428567e-05 3.243771001264041e-05 0.9999999991257625 -0.01842652439278125 
0.9999999917210319 -0.00011129158196830383 -6.458770740187488e-05 0.06670373653877937 0.00011128723062586783 0.9999999915208785 -6.763132643295286e-05 0.03606712495703457 6.459523618942659e-05 6.762413046982307e-05 0.99999999562719 -0.029720851376460855 
0.9999999966110045 -8.210777865403583e-05 5.9888851157025485e-06 0.09498416669268833 8.210849860564715e-05 0.9999999896396927 -0.00011823394476267245 0.05119904022540289 -5.979177025586524e-06 0.00011823442250574256 0.9999999929924251 -0.04253878148245982 
0.9999999908879631 -0.00013002570308153047 -3.628671122990443e-05 0.11231323011564198 0.0001300250957558773 0.9999999913977827 -1.7280020750896736e-05 0.06080286380375355 3.6288959142075376e-05 1.7275300485587414e-05 0.9999999991923249 -0.05032124121441495 
0.9999999857354227 -0.00016058633031839275 -5.2348521362027e-05 0.131695410996382 0.00016058012609568504 0.9999999800312139 -0.00011896414496109534 0.07165683367118603 5.236762656502894e-05 0.00011895572358418416 0.999999991553556 -0.058992832867096556 
0.9999999875916488 -0.00013694595687637176 -7.785776211804955e-05 0.162734983841124 0.00013694244755638223 0.999999989595761 -4.5342877152268754e-05 0.08775815075611992 7.786397379588949e-05 4.533220952346302e-05 0.9999999959410678 -0.07216602589233823 
0.9999999718453829 -0.00014510498855071932 -0.00018775814991646436 0.18179150852903592 0.00014508006615858326 0.9999999806503302 -0.0001328604799558353 0.09714298846065916 0.00018777743219494208 0.00013283322147305223 0.9999999735474147 -0.0804531586456132 
0.9999999472832486 -0.0001830235941753851 -0.00026820711729625394 0.20427746725476897 0.00018300216102503438 0.9999999800525343 -8.00382667443095e-05 0.10759035838811126 0.0002682217708208728 7.998917152338384e-05 0.9999999608293173 -0.08984690148967689 
0.9999999384864602 -0.0001680068794945061 -0.00030789618632938117 0.21939833580591078 0.00016797454422924757 0.9999999803670495 -0.00010512546220164117 0.11416583058116747 0.00030791385357712916 0.00010507372572753925 0.9999999470741807 -0.09547150889784783 
0.9999999354493386 -0.00020126244615342737 -0.0002976472079395779 0.24846846081715185 0.00020123081863381297 0.9999999740945419 -0.00010638684037077891 0.12529949777539418 0.00029766862303015195 0.0001063269262453753 0.9999999500438861 -0.10471254270959507 
0.999999938366273 -0.00020763048154751154 -0.0002831185346571735 0.2689432614981024 0.000207618713006159 0.9999999775780444 -4.170717369963481e-05 0.13356007571371864 0.00028312719841659364 4.164838633062005e-05 0.9999999590521104 -0.1111385213756646 
0.9999998978843686 -0.00023701376178470251 -0.00038477877292306546 0.29223851333883816 0.00023696516613627523 0.9999999639322605 -0.0001264289089266044 0.1425992227272066 0.0003848087387872885 0.00012633770330818024 0.999999917980378 -0.11826711322388439 
0.9999998867741942 -0.00025251335375720837 -0.00040334539510361654 0.30707090017190924 0.0002525029291852488 0.9999999677840503 -2.5990633396558107e-05 0.1484832131680709 0.0004033519598538949 2.5888782576683188e-05 0.9999999183183569 -0.12270208743596123 
0.9999998740265534 -0.00030665771641467796 -0.0003973745483855735 0.3239199157255089 0.00030663904002139314 0.9999999518742704 -4.717619856836677e-05 0.15519245142795668 0.0003973890108133113 4.705433763341939e-05 0.9999999199338047 -0.12774746522131109 
0.9999998782171106 -0.0002672168956285764 -0.00041492134900699795 0.3371392793317603 0.00026719341354701005 0.9999999626945086 -5.67458346298089e-05 0.16031571240434972 0.0004149365122400426 5.6634957985649636e-05 0.9999999123099527 -0.13036768436855628 
0.9999998854073284 -0.0002962211344734137 -0.00037608113848843595 0.34994072279707095 0.00029617694355182943 0.9999999492169314 -0.00011767305939984572 0.16579702554945297 0.0003761159906542587 0.00011756164677599772 0.9999999223578827 -0.13240092916489066 
0.9999998204139947 -0.0002853112902944179 -0.0005270372331303528 0.364756807969207 0.0002852975704241077 0.9999999589604772 -2.6188920165981595e-05 0.17212638762914056 0.000527044702760476 2.603855133578633e-05 0.9999998607727685 -0.13477641995657352 
0.9999998331223944 -0.00029813813722134874 -0.0004948409306863921 0.37192474862928676 0.00029812736473409105 0.9999999553202732 -2.193429987438109e-05 0.1754760064382226 0.0004948474661120761 2.178676930519314e-05 0.9999998773255039 -0.1359632618937382 
0.9999998911338328 -0.0002711289246660643 -0.00037976337132975885 0.3808615405353309 0.0002710930725710873 0.9999999587839516 -9.45626674668421e-05 0.18024150239840353 0.00037978900843947276 9.445969604136295e-05 0.9999999234187111 -0.1372896668725596 
0.9999998740986257 -0.00028323469206460126 -0.00041422166427637505 0.39092704199984435 0.00028320336879292203 0.9999999570274039 -7.577968209776464e-05 0.18480163146202755 0.0004142431252035745 7.566235591644135e-05 0.999999911338785 -0.1376860131130011 
0.9999998824788445 -0.00030315649383486234 -0.0003783345798841479 0.40707099308872247 0.00030312341081106987 0.9999999502203442 -8.761925674997331e-05 0.18913699885664292 0.0003783611374178226 8.750455525664757e-05 0.999999924592776 -0.13770564117641493 
0.9999998642469693 -0.00029686211754949933 -0.0004282261162829737 0.4176172886574612 0.0002968461479035651 0.9999999552403309 -3.7460429162111715e-05 0.19196923945433608 0.0004282372333998736 3.733330356033234e-05 0.999999907609412 -0.13703163707596444 
0.999999900654298 -0.000320925647800412 -0.0003093486771865409 0.4279443928732422 0.00032091018169028005 0.999999947249121 -5.0200850143748524e-05 0.19526046066993208 0.0003093647830224639 5.010156698889158e-05 0.9999999508915326 -0.13662547409135695 
0.9999999103060633 -0.0002817514709180137 -0.00031623198705497014 0.43516290511005334 0.0002817556399954577 0.9999999602230668 1.3004509361976195e-05 0.19851317139638192 0.0003162283219302359 -1.309360609447849e-05 0.9999999499140075 -0.13552089267814527 
0.9999998614053278 -0.00030381326964038706 -0.00042998310011431695 0.4451250546199376 0.00030380069180713004 0.9999999534204999 -2.9423743036981918e-05 0.20183250256198138 0.00042999203515459633 2.9293107476523573e-05 0.9999999071242458 -0.1337843467705807 
0.9999998839685087 -0.0002574119404543669 -0.00040718661687378537 0.4572373571810196 0.0002574034882438959 0.9999999666538879 -2.090542112929504e-05 0.20500374569687396 0.0004071919994898918 2.080060605661673e-05 0.9999999168808776 -0.1324370608718607 
0.9999998545515252 -0.00029932850769395005 -0.00044866251423849197 0.4660519388515196 0.0002993223066861447 0.9999999551060271 -1.3989024775805154e-05 0.20728997794637172 0.0004486666977934473 1.3854727543535466e-05 0.99999989925298 -0.13160169571032998 
0.9999997823658728 -0.0003088472145069863 -0.0005829925474349017 0.47693342847314474 0.0003088531909063036 0.9999999522548565 1.0081158546786023e-05 0.21003871331120727 0.000582989427268437 -1.0261212844998132e-05 0.999999830008831 -0.13073632329616536 
0.9999998180917617 -0.00033086917994916523 -0.0005043218920470992 0.4861696206293243 0.00033088554650310444 0.9999999447375644 3.227035808967586e-05 0.21256702410008754 0.0005043112051983378 -3.243722009977078e-05 0.9999998723088619 -0.13000587521787732 
0.9999998069295626 -0.0003577910261668717 -0.0005080598576588397 0.5041642293391164 0.00035776384906503707 0.9999999345622538 -5.3688265575362596e-05 0.21611648935946148 0.0005080790522462102 5.350648485365684e-05 0.9999998694962013 -0.12858948186941244 
0.9999997711943062 -0.0003926653434894259 -0.0005508389057809496 0.5162920888005631 0.00039265790065822165 0.9999999228167062 -1.3727634107591933e-05 0.21927039367063206 0.0005508442737390309 1.3511339499103335e-05 0.9999998481938385 -0.1277842869480672 
0.9999997349722052 -0.0004286833898605577 -0.0005884591190041006 0.5298969712143118 0.0004286771172696619 0.9999999080597474 -1.0895538455350604e-05 0.22236629354392812 0.0005884637571088817 1.0643276806533125e-05 0.9999998267983732 -0.12732033644448615 
0.999999731053627 -0.000439712477652697 -0.000586978376312049 0.5380026058502796 0.0004397161805657491 0.9999999033076079 6.066185006979108e-06 0.2246971522795842 0.000586975673552273 -6.324285129886729e-06 0.9999998277095925 -0.12663461681478527 
0.9999996922987164 -0.00042589313054950594 -0.0006587986284844493 0.5506195720888358 0.00042584763158331546 0.9999999069267889 -6.930001128665281e-05 0.22843557484487698 0.0006588281057509585 6.901943581914939e-05 0.999999780590697 -0.1255177200853136 
0.9999996370688932 -0.0004776148541532578 -0.0007055097442620202 0.5649213183106774 0.00047765367763195644 0.9999998844254601 5.4759204870745865e-05 0.23299927605452148 0.0007054835344726882 -5.509616629430689e-05 0.9999997496284633 -0.12390411811633961 
0.9999996538711076 -0.0004844264358206713 -0.000676451407151758 0.5783950061812464 0.00048437524539033874 0.9999998798077832 -7.594499084139024e-05 0.23735033337189632 0.0006764881404581882 7.561730120230251e-05 0.9999997683226761 -0.12270863640766116 
0.9999996101554879 -0.0005612492455374998 -0.0006816784844565061 0.5957716584904784 0.00056123114099124 0.9999998421501832 -2.6874203834665337e-05 0.24332872418988666 0.0006816934848968107 2.6491612749829437e-05 0.9999997672958629 -0.12145966816100451 
0.9999995560764054 -0.0005837511612660065 -0.0007396478101408664 0.6064631824220021 0.0005837258403478135 0.9999998290361344 -3.4568442991518046e-05 0.24779903844669027 0.0007396678901039639 3.413667396112162e-05 0.9999997258627918 -0.12024742897852647 
0.9999994849900553 -0.0006405359567863062 -0.0007872295339005195 0.6216244380467293 0.0006404720609061077 0.9999997915752584 -8.153790076155496e-05 0.25164054316884565 0.0007872816266876131 8.103365283358837e-05 0.9999996868103062 -0.11850827728983726 
0.9999994415061203 -0.0006492978067184502 -0.0008339045571089034 0.6327916557047888 0.0006492752286998736 0.9999997888454474 -2.7463169578936852e-05 0.25456112559627797 0.0008339222432646585 2.692171957888204e-05 0.9999996519241501 -0.11671316157129796 
0.9999994598436671 -0.0006141963271307783 -0.0008384941529012062 0.6453149040533737 0.0006141628160140363 0.9999998105902556 -4.033344669303282e-05 0.25731850150438235 0.0008385187973976607 3.981845043099707e-05 0.999999647650048 -0.1152753261165762 
0.9999994206180342 -0.0006598301170156785 -0.0008505202932114184 0.6523840317918896 0.000659855054881321 0.999999781879121 2.892320680642406e-05 0.2583993337192161 0.0008505010542104716 -2.948440474715185e-05 0.9999996378890019 -0.11431988868490317 
0.999999309587627 -0.0006994307072915907 -0.0009442551277250672 0.6591322564048938 0.0006994132057772754 0.9999997552323752 -1.8976764373117602e-05 0.25893681650894407 0.0009442682039919519 1.831632693695501e-05 0.9999995540106604 -0.1137506633899864 
0.9999992527450133 -0.0006704166981005121 -0.0010222758229424735 0.6661097182478262 0.0006704067569370411 0.999999775227488 -1.0166304961022042e-05 0.25860804247205754 0.0010222824460934003 9.48095814378782e-06 0.9999994774239233 -0.11227253446080698 
0.9999990929297764 -0.0006909991961783828 -0.001156138696997222 0.6743680166049046 0.0006909337085625287 0.9999997596750931 -5.71321937704616e-05 0.25816789533660955 0.0011561779397135034 5.6333323124147506e-05 0.9999993300390035 -0.11059278038478049 
0.9999989963920831 -0.0006210732387377556 -0.0012733735718512224 0.6822704516693103 0.0006209077668661662 0.9999997987347067 -0.00013041259570669708 0.2573134947069666 0.0012734543580558422 0.0001296218055857821 0.9999991807553827 -0.10754739891793341 
0.9999988267292981 -0.0005314109531007992 -0.001436711659800541 0.6869264889939253 0.0005306202862116801 0.9999997075805626 -0.0005507121525831739 0.2575780738031716 0.0014370039479123236 0.0005499490986743281 0.9999988162866503 -0.1039610156705928 
0.9999986263047478 -0.0005072080386841915 -0.0015780135590511871 0.6928862816300496 0.0005059169274337198 0.9999995370313158 -0.0008185280374503421 0.2579298351299627 0.0015784280520919054 0.0008177284795320626 0.9999984199407103 -0.09869317499647623 
0.9999986494715114 -0.0005572529817654596 -0.001546131349425286 0.703225206137843 0.000555682032947536 0.9999993291269 -0.0010163495991598285 0.2582898666714572 0.001546696734994273 0.001015488956631436 0.9999982882536484 -0.0911929028183992 
0.999998432032894 -0.0005687529498645846 -0.0016770359926070852 0.7109421268896563 0.0005673393593735648 0.9999994834729673 -0.0008433167400452282 0.2554142003820412 0.0016775148285418956 0.000842363876905621 0.9999982381814179 -0.08266406750004607 
0.9999983601772443 -0.0005926611457578201 -0.0017112549078656977 0.7146996294573329 0.0005914854538932447 0.999999588737859 -0.0006875117597468968 0.253189955352656 0.0017116617297180457 0.0006864983755925223 0.9999982994650455 -0.07419640848622411 
0.9999983513461531 -0.0004615546706505143 -0.0017562092035020235 0.7187353357886284 0.00046035870520301 0.9999996618997259 -0.0006813757643512946 0.2507042144355856 0.001756523167617088 0.0006805660812709436 0.999998225725941 -0.065445331565126 
0.9999979672838254 -0.0004924940077181282 -0.0019552177121630837 0.725079774777776 0.0004912204366024952 0.9999996669078345 -0.0006518354818354831 0.2507207434825443 0.0019555381588509113 0.0006508736443264051 0.9999978761141363 -0.05717413355610268 
0.9999980881731816 -0.00048502917598498374 -0.0018943059743386902 0.7369147635681237 0.0004837945015752626 0.999999670274289 -0.0006522246132291354 0.2524979824782379 0.0018946217683755246 0.000651306841651853 0.999997993101264 -0.04846715555067971 
0.9999978813148737 -0.0005596991666699886 -0.0019809342964799245 0.7442972578702924 0.000558556698828836 0.9999996773821106 -0.0005772808872454311 0.25413008008695914 0.001981256834658301 0.0005761731390436709 0.9999978713200618 -0.0407879153339783 
0.999997798476065 -0.0004952952816926773 -0.0020390497944709814 0.7493962802917173 0.00049406694099794 0.9999996962031408 -0.0006029048648929345 0.2546866960920521 0.002039347866755278 0.0006018960467089135 0.9999977393875341 -0.033650692252182424 
0.9999976537946265 -0.0004834237478938283 -0.0021115646514329512 0.7552156966452435 0.00048220384999810993 0.9999997165673036 -0.0005782278783638385 0.25574399149245935 0.00211184366041167 0.0005772082563625876 0.9999976034699825 -0.027458510162472027 
0.9999975176720717 -0.0005068972681904376 -0.0021697242470896027 0.7583689639018107 0.0005057031418026532 0.9999997203841428 -0.0005509072582085937 0.2565444729407583 0.0021700029742070465 0.0005498085968389202 0.999997494395014 -0.0216858318409765 
0.9999976153982836 -0.0005271421538933223 -0.0021192728039575236 0.7664884195208086 0.0005260030093245844 0.9999997168990288 -0.0005380758693393434 0.25866774170477824 0.0021195559250177668 0.0005369597862354821 0.9999976095749441 -0.017732975850603072 
0.999997535566442 -0.0004971290443081657 -0.0021637287861912247 0.7720808518684374 0.0004958513278078396 0.9999997023986603 -0.0005910472478320468 0.2599244192889318 0.002164022049325933 0.0005899728413582026 0.999997484466493 -0.014326315442770188 
0.999997641021882 -0.0004772695705875257 -0.002119000476592902 0.778590888767213 0.00047600970124076435 0.9999997096622681 -0.0005950570018212084 0.2609500792626346 0.0021192839426583546 0.0005940468706467318 0.9999975778683678 -0.011729743993412978 
0.9999975652209664 -0.0005275871657275831 -0.0021427090916113323 0.7822916936259634 0.0005263937167361037 0.9999997060283605 -0.000557544437786652 0.2619605424384054 0.0021430026944651136 0.0005564151133831454 0.9999975489671914 -0.010809163711848369 
0.9999974405885705 -0.0005032509874647673 -0.0022057999099024147 0.7880581279332379 0.0005017431513039515 0.9999996401232293 -0.0006841126243745499 0.2639930321833295 0.0022061434785273907 0.0006830040558099556 0.9999973332139745 -0.01172217709693979 
0.9999974191160139 -0.0005694958860701089 -0.002199416712522235 0.7927899314008113 0.0005678799055415205 0.9999995684060919 -0.0007353252888865802 0.26628572848628873 0.0021998346099928756 0.0007340743080100449 0.9999973109270013 -0.012920363772395582 
0.9999972876144805 -0.0005027485275213037 -0.0022742045035125994 0.7951017998732981 0.0005009540933670956 0.9999995628114482 -0.0007895725444149702 0.26751843925160923 0.0022746005505454017 0.0007884310461886114 0.999997102279503 -0.013611592501226122 
0.9999971880783501 -0.0004580081291060305 -0.002326813859420288 0.7972078769736703 0.0004566545065321248 0.9999997262111928 -0.0005822772399517485 0.26845093055305896 0.0023270799962878826 0.0005812129919590239 0.9999971234402507 -0.014035408788346748 
0.9999970829947054 -0.00046621859626803236 -0.0023699453717943493 0.7984534408850961 0.0004645079625462968 0.9999996312356364 -0.0007223320679335214 0.2688692401772958 0.0023702813506404196 0.0007212290258117955 0.9999969307920771 -0.014802364336668372 
0.9999970723463554 -0.0004661527373077552 -0.0023744471167817943 0.8036605121372902 0.00046438684264051884 0.9999996152311457 -0.00074423457352622 0.27261836107715404 0.0023747932185285967 0.000743129653587673 0.9999969040522281 -0.016843212325069024 
0.9999972964325297 -0.00040922482487609877 -0.002289030735942615 0.8070277997514106 0.0004076140656011631 0.9999996690230493 -0.0007041355866760508 0.2758730001352169 0.002289318213245463 0.0007032005671651361 0.9999971322607311 -0.017991187381873885 
0.9999973051265798 -0.0004193145571647741 -0.0022833996275311557 0.8120891672283139 0.0004177622928322726 0.9999996813572477 -0.0006802664736117624 0.2803110636535426 0.002283684230467721 0.0006793106501282435 0.9999971616569675 -0.020240252931428726 
0.9999972818286581 -0.0004312970995772326 -0.002291357027021726 0.8164735715981346 0.00042953355149499025 0.9999996112113906 -0.0007701171963415688 0.2831691084760504 0.0022916883709002715 0.000769130806042888 0.9999970782961293 -0.021736282671886542 
0.9999972705734991 -0.00042712445635704506 -0.002297043576979831 0.8219401138512759 0.00042539130085545465 0.9999996245251778 -0.0007549796140188087 0.2865935306249773 0.002297365270340181 0.0007540003304861763 0.9999970767931776 -0.022905566723215642 
0.9999970956640982 -0.00044224771608484116 -0.002369193791090252 0.8260590076484615 0.00044053282423049325 0.999999640639221 -0.0007243305898170248 0.2908824211591026 0.002369513361373864 0.0007232847016761829 0.9999969311274077 -0.02326631534531498 
0.9999972083331204 -0.00045259455759186787 -0.002319155654059616 0.8291218414925317 0.00045081112108282716 0.9999996023229322 -0.0007694971901530261 0.29527013456312257 0.002319503088455766 0.000768449458691001 0.9999970146902544 -0.023838639700348274 
0.999997111689556 -0.0004987254832853857 -0.0023511452567155666 0.8323746872914815 0.0004969803780828217 0.9999996006349607 -0.0007427942368921801 0.30003476703927756 0.0023515148556938355 0.0007416235394366516 0.9999969601808663 -0.02474944616825203 
0.9999972638289121 -0.0004993932279701713 -0.00228537516405747 0.8345588440677305 0.0004976751649729793 0.9999995931802567 -0.000752304203151048 0.3030106128286016 0.002285750015108076 0.0007511646900125666 0.9999971055443446 -0.025212476406563322 
0.9999969624114381 -0.0005644744518060736 -0.0023992779611769002 0.8390034520499838 0.0005627251565303481 0.999999575411039 -0.0007297406028898373 0.3077126500490434 0.0023996889516490223 0.0007283881748191567 0.9999968554661308 -0.025631358851079034 
0.9999970493396684 -0.0005042381013174859 -0.002376353184088277 0.8425761214612997 0.0005012037229592544 0.9999990585738774 -0.0012773602813717332 0.31254080045831617 0.0023769951305138014 0.0012761653350649475 0.9999963606406396 -0.024210323804595646 
0.9999969557376112 -0.0004953582705279913 -0.002417257603456626 0.8470475677540199 0.0004910235120567308 0.9999982710374314 -0.0017935499385898855 0.320112131287131 0.002418141966622933 0.0017923573489859262 0.9999954700110453 -0.01787634662447135 
0.9999971001575834 -0.0005093928706942209 -0.002353761638485164 0.8499537641598967 0.0005045961353378201 0.9999977958066577 -0.0020380795166963345 0.32611223216412416 0.002354794724574805 0.002036885680109021 0.9999951530064819 -0.005292586122087162 
0.9999967696023991 -0.0005479117958241804 -0.002482050724864326 0.8523047329597142 0.0005433254867110831 0.9999981446224656 -0.001848121392638462 0.3316905198757345 0.0024830588224621143 0.0018467666557217377 0.9999952119234333 0.015133683609988235 
0.9999966237617631 -0.0005605281676557695 -0.0025373749376858146 0.8564175019540303 0.0005559013010481497 0.9999981822593261 -0.0018238573083245058 0.33585499715411715 0.002538392745968808 0.001822440418117337 0.9999951176236659 0.04026684075335307 
0.9999960625618005 -0.0006059913525617148 -0.0027400061206078142 0.8631881479836581 0.000600629570066626 0.9999979041419901 -0.0019572837727303075 0.34365758197575 0.0027411865798933066 0.0019556301201989522 0.9999943306863208 0.0738710990232685 
0.9999958804192768 -0.0006907368072346368 -0.0027860410727723224 0.8680980344855265 0.0006854356999214421 0.9999979538473625 -0.001903282280393707 0.34837288251831905 0.0027873501456852153 0.0019013645768228826 0.9999943077286697 0.11049945060542066 
0.9999958085860378 -0.0007805362887376094 -0.0027881123878582006 0.873255242658072 0.0007753736814054415 0.9999979839028834 -0.0018522933714773802 0.35306631652701875 0.00278955265535259 0.0018501235738017632 0.9999943977026098 0.152151103942185 
0.9999957821845133 -0.0008590648555317781 -0.0027744580636477403 0.8792667609950944 0.0008536850640478338 0.9999977544090352 -0.001939691752737053 0.3592630725520056 0.002776118260519411 0.0019373148430298596 0.9999942699717912 0.2041373181595867 
0.9999957454301875 -0.0009065948615006762 -0.0027725807123874136 0.8833023823165318 0.0009006718772926215 0.9999973113865248 -0.00213682373567812 0.36320342240460335 0.0027745105980271204 0.002134317221299763 0.9999938733705463 0.25854925174169696 
0.9999951582197931 -0.000855601576144359 -0.00299190237318374 0.8853898606760464 0.0008479138896520649 0.9999963384108822 -0.0025698662752106395 0.3705495692329451 0.002994090315443145 0.0025673166702244728 0.9999922221225486 0.3282347274408264 
0.9999951268337212 -0.0006081091176987987 -0.003062108814836041 0.8853564097685915 0.000597953953927149 0.9999943224554568 -0.003316249839849459 0.3759959419664285 0.003064108191573344 0.003314402307079013 0.9999898129355993 0.4004706097254529 
0.9999951417427257 -0.00041259754983888564 -0.003089701209007422 0.8866787818070856 0.0004000684818784639 0.9999916998560032 -0.0040546478366368455 0.38261844461222155 0.0030913486249565837 0.0040533915894009065 0.9999870067036772 0.4837629960322185 
0.9999949454494456 -0.0003494515229170304 -0.0031602150107406263 0.8869447976341718 0.00033622465577274333 0.9999911862736052 -0.0041850128626760505 0.3877822721407761 0.0031616497426347084 0.004183928695711961 0.9999862492590994 0.578274518271314 
0.9999940916350485 -0.0004027610064231393 -0.0034138655648695278 0.8896408947263057 0.0003897906812672624 0.999992707275391 -0.003799139862431984 0.3920992035529133 0.003415370948145104 0.003797786296258609 0.9999869559432115 0.6931820924655414 
0.999993673815908 -0.0005953398937419237 -0.0035068357665789143 0.8933816200792917 0.0005823812725215065 0.999993003383555 -0.0036951348229695294 0.39381427733914287 0.003509011229177365 0.003693068717097373 0.9999870239556887 0.8188075386392988 
0.9999938941271512 -0.0005617900743200675 -0.0034490721954236548 0.896811719459736 0.0005499550959892975 0.9999939616219528 -0.003431366193464917 0.3952667759819163 0.0034509792106929183 0.0034294480229334423 0.9999881647425312 0.9290840407636458 
0.9999932345079288 -9.709376581712811e-05 -0.0036771609192939934 0.9014199053735088 8.524344338816266e-05 0.9999948034360446 -0.003222706424696183 0.39682677543745254 0.003677454857646181 0.003222370807904422 0.9999880462528802 1.0727507682273654 
0.9999922341022875 -9.792021032911263e-05 -0.003939815742897243 0.9039598943085074 8.44156773136718e-05 0.9999941217509416 -0.0034277310257146156 0.3983247427913477 0.003940128380167142 0.0034273714415448213 0.9999863641618228 1.2109399854209748 
0.9999915320921419 -0.00030585234654736894 -0.004103924784605717 0.908216531920629 0.00029109033630251164 0.9999934877843736 -0.003597173745638913 0.3984136607109711 0.004104998421798649 0.0035959482707562307 0.9999851089591333 1.3564529869425628 
0.9999903443312504 -0.0005261539821937097 -0.004362843732075538 0.9130715334357657 0.0005082164699958322 0.999991418463988 -0.004111534970962599 0.3975178444741227 0.004364969762305911 0.004109277542573237 0.9999820302747742 1.5251610327220124 
0.9999891692454785 -0.0004997978236190466 -0.004627266284612099 0.9189588868939691 0.0004793154541697353 0.9999900880457009 -0.004426519250327256 0.3953225851527709 0.004629432964126902 0.004424252892411921 0.999979496955689 1.6889416518746314 
0.9999884765017654 -0.0002762480424112171 -0.004792760304980137 0.9243229853565842 0.00025510969814826256 0.9999902410103749 -0.004410533692841563 0.3915310874757431 0.004793932119782809 0.0044092596955190785 0.999978788094389 1.8646284934307489 
0.9999867868242766 0.00012017610772004202 -0.005139235097847322 0.930644490820552 -0.00014377765281867427 0.9999894450112714 -0.00459229752418406 0.37755758972281506 0.005138629167823421 0.004592975239568578 0.9999762492496413 2.068770362377018 
0.9999863164298372 0.0002212368680247153 -0.005226663439567136 0.9274158798233179 -0.00024605524561810703 0.9999886967499633 -0.004748245076209284 0.37504287406218084 0.0052255540769651256 0.004749465620600969 0.9999750677668686 2.2678180360290567 
0.9999855082283291 -0.0002698951211204129 -0.005376847661505685 0.9275332424110265 0.0002428806087616231 0.9999873488526113 -0.005024256049363922 0.3602362911249392 0.005378135869274757 0.005022876745247967 0.9999729228123325 2.5041517361246957 
0.9999827285409305 -0.0012483038032999954 -0.005743200585963412 0.9295746668932623 0.0012160404629190295 0.9999834808887851 -0.005617758132159418 0.3512128790125465 0.005750118606271329 0.0056106765125666916 0.9999677276983865 2.7278845271529155 
0.9999841460720503 -0.000699271463327164 -0.005587362751316782 0.929969639453806 0.0006660584258151351 0.9999821125537056 -0.005943984146215544 0.34025238536045976 0.0055914194852374 0.005940167734246774 0.999966724660455 2.9886575001031765 
0.9999817086081692 0.0002763892299361243 -0.006042024653213676 0.9287856627189153 -0.00031242919854648446 0.9999821619383039 -0.005964746159267956 0.3314705506924465 0.006040268518991616 0.005966524092705552 0.9999639572200024 3.2434103294529057 
0.9999781274718518 0.0005942564697617337 -0.0065872181293830335 0.9258596232649632 -0.0006397157478632616 0.9999759820656953 -0.006901163593181834 0.3236140997002342 0.0065829591144627555 0.006905225820405831 0.9999544902127746 3.5137360164574183 
0.999978408366342 -0.000669527143896493 -0.006537165547121452 0.924101753159668 0.0006168513794684787 0.99996735481794 -0.00805660009128287 0.3141348077407928 0.0065423465118391 0.008052392770487547 0.9999461768823741 3.8025108220456296 
0.9999740733254558 -0.002829255520309225 -0.00662178046007723 0.9246783482849277 0.00277303293120159 0.9999601613740143 -0.008484455128079936 0.30729799987560236 0.006645521613219744 0.00846587178525125 0.999942081345433 4.13912681882936 
0.9999696478397319 -0.003449800979397304 -0.0069858610805475846 0.9228359831590487 0.003391604129975163 0.9999595905872426 -0.008325517588850953 0.3001054784771577 0.007014300442042436 0.008301570681886375 0.9999409400068929 4.467219975239539 
0.9999697125498069 -0.002953291447669631 -0.007200835947952192 0.9183767394789399 0.0028921240459572808 0.9999597751351501 -0.008490215339269037 0.2949724870605677 0.007225620661038445 0.008469131528771733 0.9999380301824703 4.850816629148006 
0.9999708279014853 -0.0020526557059971457 -0.007357305327086051 0.9057300916138873 0.001989251133041426 0.9999609121653218 -0.008614931376110697 0.28847319308342867 0.007374701525070859 0.008600043565461525 0.9999358244486468 5.22463057875559 
0.9999685383727995 -0.0019356568907730359 -0.007692560612885796 0.9021038407584436 0.0018749586114364643 0.9999671160876151 -0.007889948836022747 0.28570180673897877 0.007707580186489002 0.007875276489559583 0.9999392847653579 5.61889050256334 
0.9999687082832412 -0.0007731319774541832 -0.007873037515034298 0.8959672770239067 0.0007063392199471256 0.9999637692601069 -0.008482998623495339 0.2836082654512288 0.007879311055545164 0.008477171189471418 0.9999330247640947 6.031177133512063 
0.9999660274059577 -0.0019517007832784547 -0.00800842617086615 0.8913304497584917 0.0018878108195906776 0.9999663956955608 -0.007977698239556675 0.27863979347269685 0.008023727446167615 0.007962307930661584 0.9999361086785945 6.507806153263169 
0.9999564797305853 -0.0037551992390771967 -0.008540322252570088 0.890219713505326 0.003694075861847725 0.999967531783321 -0.00716164865347537 0.2735987980477998 0.00856693871183023 0.007129787582403407 0.9999378849112149 6.9576605905268645 
0.9999496934118447 -0.005806480232489453 -0.008178960801142384 0.8836031945680882 0.005759367020109603 0.9999667550327594 -0.0057722232308320505 0.26979147727659764 0.008212205506249456 0.005724826576460908 0.9999498917616959 7.473222725276329 
0.9999568183004618 -0.004612787905048721 -0.008067446761023162 0.8751985571806653 0.004567559416381686 0.9999737994927984 -0.005615849071026363 0.26797791637698193 0.008093140419977097 0.00557875740708042 0.99995168810147 7.955965006608719 
0.9999682342606567 -0.00370554592389264 -0.007056867574628095 0.8711628870140775 0.0036636086389259218 0.9999756081236527 -0.005946524695936461 0.2670698106868322 0.007078730838135977 0.005920481537988134 0.9999574188237501 8.45423746657369 
0.9999796017568049 -0.003608684894638952 -0.005270051697085037 0.8693306058932795 0.0035722341214744803 0.9999697464496143 -0.00690980147196305 0.2703806763648039 0.005294827766571863 0.006890833888570316 0.9999622398863266 8.967741761341003 
0.9999837570809808 -0.0040368664383886995 -0.004023588165778108 0.8674306884478789 0.00400705159828404 0.9999646585852952 -0.007390882833428093 0.2733188743806848 0.0040532821405617845 0.007374639222577174 0.9999645921685866 9.552576920319115 
0.9999785048389831 -0.005724304315132034 -0.003197212316865913 0.8673509283151943 0.005697606065032301 0.9999493361146856 -0.008298345214073697 0.27315584079560046 0.0032445527273311722 0.008279949441142579 0.9999604568701643 10.1029525127711 
0.9999777452002842 -0.006299185968608982 -0.002197571910048514 0.8680116337163712 0.006280142991719018 0.9999435751039217 -0.008567757084070015 0.27332684240502475 0.002251417912486297 0.008553764367965197 0.9999608813455902 10.670191326082566 
0.999981406230933 -0.005859922090583283 -0.0016877412088744004 0.8659408388571503 0.005845450363439965 0.9999471613483436 -0.008456078711358351 0.2700160055841708 0.0017372040793165254 0.008446054908091917 0.9999628224428407 11.31380673922084 
0.9999849569434252 -0.005239785318305567 -0.0016218834227525768 0.865725454636951 0.0052250971279465585 0.9999464554702165 -0.008932222289018174 0.2684512074024187 0.0016685995916556268 0.00892361240251617 0.9999587916036659 11.915129332373084 
0.9999822772032676 -0.005832031945862884 -0.0011969325737734664 0.8618591374593689 0.005820838048778003 0.9999411735584139 -0.009152448531960018 0.2648968495423647 0.0012502396048109097 0.009145318127446404 0.9999573991152538 12.5349351126466 
0.9999768467459714 -0.006746788776841646 -0.0008870012965196914 0.8608635847687571 0.006738814578343723 0.9999393940237421 -0.008706130609508077 0.2634423178752489 0.0009456860211585782 0.008699950700095532 0.9999617075293282 13.23432219318509 
0.9999662025891949 -0.008135878759701733 -0.0011836823862571993 0.8583137041062472 0.008126069715367631 0.99993442513862 -0.008069230163907648 0.26428450470970183 0.0012492551121575685 0.008059337836145545 0.9999667426598292 13.88726675231855 
0.9999809052318928 -0.005909168358024301 -0.0018085534336876779 0.8543999473520782 0.005895761659933365 0.9999557465938678 -0.007331090791308673 0.2637654113386332 0.001851794135949051 0.007320287169744135 0.999971491716533 14.622396571203783 
0.9999814526675307 -0.005570828094416285 -0.0024617397398987934 0.8495079805624444 0.005553045079492755 0.9999588562554315 -0.007172832621994407 0.2640889706727551 0.0025015971825508364 0.007159028617542545 0.9999712447427532 15.306956518786013 
0.9999748773064883 -0.006080416157385009 -0.0036432484651178197 0.8443344139946038 0.0060533822275236834 0.9999543995026925 -0.00738617112418754 0.262327304403372 0.0036879934795140353 0.007363930751852631 0.9999660850342708 16.00721170402476 
0.9999543857312367 -0.008161344521659947 -0.0049617397732968785 0.8385175856681752 0.008121700202023801 0.9999353474934854 -0.007958572762270962 0.2569988044280989 0.0050263718430178005 0.00791791107794135 0.9999560201627078 16.796679575605296 
0.9999602247382685 -0.006750999469145287 -0.005828628266422552 0.830513789879221 0.006689654023812493 0.9999226941782181 -0.01048113796189242 0.25468388671203823 0.005898936079021501 0.010441728381835741 0.9999280838365656 17.527539072435484 
0.9999614260238082 -0.00586317841229776 -0.0065398447786966605 0.8242696555451241 0.005795665550411906 0.9999302085644615 -0.01029506244491345 0.25431848107024324 0.006599750409023186 0.010256761410138001 0.9999256182955997 18.27468834830129 
0.9999613774154639 -0.005257161395801963 -0.007043145752331642 0.8171006814447859 0.005183829495161548 0.9999325853405648 -0.01039003039392317 0.2506730829515588 0.007097293293644185 0.010353117467664623 0.9999212175817929 19.116001272105482 
0.9999556024969417 -0.005974516939762533 -0.007286847604039954 0.8091968314738531 0.005904778858387107 0.999936917877284 -0.009554784212077136 0.24497343841822378 0.007343473447053449 0.009511331707021915 0.9999278013699658 19.897180153744564 
0.9999464451999376 -0.007124472496881808 -0.007506569191344844 0.802400052401145 0.00706134993931504 0.9999397673010091 -0.008402330714577298 0.24121029163974333 0.007565979522339645 0.008348873278203288 0.9999365241139452 20.692566115403604 
0.9999455230483322 -0.0067020149133987855 -0.008002117982427486 0.7962544341926427 0.0066431338759719676 0.999950831081666 -0.007362352928487491 0.2391355887376843 0.008051067438762835 0.007308791890201269 0.999940879184586 21.580384437439328 
0.9999485734569655 -0.005905026051635681 -0.008245063670827538 0.7875946860519427 0.005849305378472618 0.9999600025841929 -0.006766010708202934 0.23708747708800842 0.0082846876786486 0.006717434110343508 0.9999431183924012 22.399128474523778 
0.9999525199307389 -0.004735570253947181 -0.00851658574794064 0.7788535930502447 0.004680721255433174 0.9999682515402308 -0.006448782368766288 0.23481052715488038 0.008546854349599252 0.00640861170260751 0.9999429388562973 23.227178626082225 
0.9999495540679568 -0.004018981323237513 -0.009205274976074523 0.7666889882351866 0.0039498255937159815 0.9999639342442892 -0.007518584940583886 0.23069020067294616 0.009235160389304716 0.007481845593274864 0.9999293643998501 24.1502445439414 
0.9999394167165895 -0.004682187604815413 -0.009961927035468993 0.7590984264889187 0.004596863163500861 0.999952703582617 -0.008570850850475546 0.22767151121716933 0.010001586590283898 0.008524537032463416 0.9999136465325841 25.001455623729722 
0.9999237354428997 -0.004738022671232606 -0.011405017010740617 0.7486510828563022 0.004644022995580984 0.9999551476298626 -0.008254442199896444 0.22495108238085798 0.01144361564123795 0.008200846605842674 0.9999008899710999 25.953174396417143 
0.9999145031372406 -0.004269689021396278 -0.012359455823830166 0.7405642547103704 0.004187309013719106 0.999968897392647 -0.006683615909899165 0.22065021611060498 0.012387608842419911 0.006631290892073011 0.9999012816875489 26.83168460095552 
0.9998818059117656 -0.007508709090578219 -0.013416163686010429 0.7365275546720971 0.007433900276685591 0.9999565906068435 -0.005617301913474677 0.21846509533084257 0.013457760489129085 0.005516902959368947 0.9998942206346382 27.719997934442095 
0.9998659596973742 -0.0069103017253560675 -0.014842854375347112 0.7235890920424073 0.006827624233972775 0.999960934060917 -0.005613728440696453 0.2133470787698123 0.014881067639032386 0.005511633947850328 0.9998740799280602 28.62022371636722 
0.9998556284371838 -0.005346801824369748 -0.01612866890667982 0.7091072372148266 0.00527148940642435 0.9999750207458291 -0.004708430651547321 0.21015163033215134 0.01615344167035408 0.004622728291753376 0.9998588383876964 29.62200157152821 
0.9998270357154985 -0.007273261735415804 -0.017117192224323726 0.6983894683397045 0.007174500465159209 0.9999573021420041 -0.005824129677895076 0.2045026440789145 0.01715882241618556 0.005700314397403882 0.9998365272508096 30.541221701193447 
0.9997995872237609 -0.008236425354108966 -0.01824682520471116 0.6873894881759339 0.008005552557559045 0.9998874318542299 -0.012689949602148093 0.1956917509901317 0.018349291717259693 0.012541329064070544 0.9997529787605586 31.556704854232503 
0.9997743499918997 -0.010309679891828984 -0.01857308610074608 0.6734057827029365 0.009889649007534505 0.9996964222409087 -0.022566752774011788 0.18591373705099123 0.018800104465887202 0.02237797676461971 0.9995727998349905 32.489306498808624 
0.9997647892822591 -0.008898336339553873 -0.019778414013210302 0.6535822681694137 0.008368691520745854 0.9996083983902757 -0.02670234093309151 0.16880884859792245 0.020008275963593707 0.026530537819342052 0.9994477471961419 33.439342899078916 
0.999760164176691 -0.008266933137926332 -0.020279839385910443 0.6322035964475303 0.007811099742635116 0.9997173536850842 -0.022454388749309825 0.14424485775321694 0.020459737098132237 0.022290593030385813 0.9995421594731247 34.503768991263485 
0.999756025362621 -0.00748436387138117 -0.020781578326656117 0.6153525975836045 0.007077922121384091 0.9997835727744997 -0.019562993664352542 0.12558259298214902 0.02092349800316464 0.01941112822475429 0.9995926246680548 35.48071516568616 
0.9997797762849803 -0.004221521613022397 -0.020556693779764584 0.5968936501310735 0.0038785097417876296 0.9998530637874713 -0.01669754636999965 0.108005404591902 0.020624163104215172 0.01661413798570956 0.9996492456282479 36.466305006624694 
0.9997985560142081 -0.0020284652866947514 -0.019968292539521374 0.5745783390885939 0.0016743492662533368 0.9998413258629788 -0.017734703259275664 0.09110562536075495 0.020001099092151274 0.01769769483731043 0.9996433101849344 37.557967731593465 
0.9998339439237337 0.0005586158100358654 -0.018214624023298154 0.5538547519822441 -0.0009332503842410728 0.9997880664902976 -0.020565777272342243 0.07362983380105759 0.018199276081882407 0.02057935869395243 0.999622566920293 38.55728609205193 
0.9998620360243645 0.000943016000055961 -0.016583716201684737 0.5369952654257513 -0.001351562325561804 0.9996954396156194 -0.02464145609186722 0.056803580776014995 0.016555428838400103 0.024660467601631857 0.9995587921884886 39.56605194217248 
0.9998970412124206 -0.0012674322357864212 -0.014293375549828125 0.5286049576971805 0.0009182685620054147 0.999701645798102 -0.024408528206549908 0.03526863723317941 0.014320047801904342 0.024392887217748946 0.9995998815585686 40.69045092131877 
0.9999206301903901 -0.0012931895515800886 -0.012532397031748322 0.5196548318462297 0.0010478236217742614 0.9998080307027967 -0.019565374033161123 0.01462509954021396 0.01255529344186597 0.01955068718300559 0.9997300311529768 41.72761264439733 
