1.0 6.988549996774816e-18 -3.918812083163781e-18 0.0 -1.9264839010849335e-18 1.0 -3.607062488493339e-18 0.0 -1.792067404781251e-17 -2.8254082305300703e-18 0.9999999999999999 0.0 
0.9999996002917301 -0.000871925082695882 -0.0001978816793939112 0.0013032366148179597 0.0008721815098634735 0.9999987764247794 0.0012986344148736742 -0.017343781110375045 0.0001967491320900198 -0.0012988062975236878 0.9999991371970608 1.2587321811200542 
0.9999984300695973 -0.0016823151398240818 -0.0005564730291343202 0.0004766360290098248 0.0016833226709740826 0.9999969370245643 0.0018144899582744202 -0.04241999202000002 0.0005534188045673836 -0.0018154235706845869 0.9999981989829937 2.6459699917754573 
0.999993947211173 -0.0034016711916004965 -0.0007308553873270269 0.002019563045751127 0.0034020517797613177 0.9999940782149951 0.0005192310592612403 -0.06255890871951486 0.0007290848445012698 -0.0005217142448066587 0.9999995981258183 3.9083517024154886 
0.9999931763805376 -0.0036389669520466117 -0.0006364634475503844 0.0028303060411837277 0.0036394987060515624 0.9999930282168161 0.0008352187543172033 -0.08540709364859245 0.0006334197098007669 -0.0008375293384179316 0.9999994486632512 5.302261540137483 
0.9999921847877011 -0.003919941650662332 -0.0005141914595042429 0.004163046998949427 0.003920776122519241 0.9999909843886997 0.0016305459422229268 -0.10141186773842714 0.0005077952033474538 -0.0016325489906659281 0.9999985384648272 6.572212585942436 
0.9999847449261899 -0.005508480417803192 -0.0004080657957790951 0.0075440455298128595 0.0055095437866748915 0.9999813122109485 0.0026495643910509634 -0.11589125567023006 0.0003934631137694781 -0.0026517718434015563 0.9999964066426613 7.845470146804379 
0.999986464968307 -0.005168140082768043 -0.0006001417151171926 0.008317906271822717 0.005170235732714128 0.999980358447217 0.0035427974296703127 -0.13303785778950494 0.0005818202776607782 -0.0035458518390483773 0.9999935441925174 9.24942564566657 
0.9999886445099926 -0.004687955531115519 -0.0008566733797998373 0.007757396794213889 0.0046895914502611625 0.9999871670766355 0.0019166230210611761 -0.1494070093427894 0.0008476773841416061 -0.0019206184240872545 0.9999977963340306 10.526342803128395 
0.9999979592610865 -0.0017842719598345437 -0.0009475410340009534 0.0066850069338839635 0.001783489757905104 0.9999980683874321 -0.000826074608217733 -0.16385377929417777 0.0009490131973570351 0.0008243828791483883 0.9999992098829251 11.934607163882665 
0.9999986353668107 0.0015309766752574661 -0.0006207922309327083 0.003474770304448649 -0.001532053893950076 0.9999973160661515 -0.001738006475869027 -0.17658732894353657 0.0006181297519890547 0.0017389549433364617 0.9999982969726029 13.219221465514584 
0.9999921895138508 0.003915919960851691 -0.0005352594237462114 -0.0016693233720403433 -0.00391678533144222 0.9999910107742657 -0.0016239291517359442 -0.19494214179671665 0.0005288954628083456 0.0016260127303666932 0.9999985381734988 14.507406260377588 
0.9999864968840092 0.005182671414352851 -0.00038209035510992353 -0.005825622327298385 -0.005183001730420097 0.9999861931718141 -0.000865987189901918 -0.21792454275377382 0.00037759696853498735 0.0008679557443230998 0.999999552035883 15.928612518786982 
0.9999950995812102 0.0031305406607412033 2.3373330864885448e-05 -0.004411706373859181 -0.0031305762177275868 0.9999936788225301 0.0016857599857401093 -0.23588120640801136 -1.8095852466411136e-05 -0.001685824658259837 0.9999985788344823 17.225289165159236 
0.9999995134503026 -0.00095489854094916 0.00024751205737713237 0.0006078335715581362 0.0009539170581052466 0.9999917974464307 0.003936379285748803 -0.25418053847076194 -0.0002512688937146549 -0.003936140701714944 0.9999922218028784 18.654124121117476 
0.9999934908306775 -0.0036079142480812676 -3.5015644206837176e-05 0.005046341057371617 0.003607973813646771 0.9999917628777322 0.001859226457768498 -0.26959235733289555 2.8307425711908252e-05 -0.001859340422486843 0.9999982710262385 19.952038194924846 
0.9999873809052526 -0.005019616172769352 -0.00020358632566072732 0.003963304605916984 0.00501948855577326 0.9999872055714714 -0.0006272682240664114 -0.294381529068775 0.000206732384332065 0.0006262383242981604 0.999999782543074 21.384674556415202 
0.9999958535494163 -0.002848034944393746 0.00042610133938476705 -0.0007222616827434747 0.002848916494771428 0.9999937755696366 -0.0020814709132276365 -0.32228315192552537 -0.00042017059667438984 0.002082675912762405 0.9999977429534115 22.69079696948533 
0.9999992528620537 9.830040409512893e-05 0.001218447706042596 -0.007241579971667467 -9.704112972243365e-05 0.9999994611893657 -0.00103354041630839 -0.3460257215518574 -0.0012185487047114685 0.0010334212529377591 0.9999987235868486 24.002896255695763 
0.9999970960619882 0.0014162435768420491 0.0019499058929793535 -0.009626625180854165 -0.0014267869952270592 0.999984314013085 0.005416270914626656 -0.3691311364936163 -0.0019422046632372792 -0.0054190365187274875 0.9999834308072384 25.455207586909545 
0.9999967286786045 -0.0009322581592752831 0.0023819161031612066 -0.005207657927297549 0.000919156711967418 0.9999844764023954 0.005495644042196055 -0.386699278831363 -0.0023870026214982444 -0.005493435931146273 0.9999820620313021 26.77228608250062 
0.9999837874073239 -0.005348523052851435 0.0019540183836695576 0.0020955790182808354 0.005341069953132157 0.9999785152158083 0.003800277759447828 -0.4107908202549342 -0.001974302379748736 -0.003789779058238509 0.9999908698123755 28.223408479699824 
0.9999804869262603 -0.005924208721258066 0.0019822908842258386 0.005294199379615949 0.0059215836356380485 0.9999815853479703 0.0013281013163751526 -0.4328206279141249 -0.001990122427445876 -0.001316336913087268 0.999997153330724 29.544098824547643 
0.9999789259398638 -0.006018624224280038 0.0024338853339989047 0.007930848701178939 0.0060210899492309945 0.9999813665165246 -0.0010065496759257397 -0.460510304432439 -0.002427782049479711 0.0010211829575111843 0.9999965315208795 31.001336929665353 
0.999990886949001 -0.0028517745611038614 0.003177008976956974 0.006877185061157032 0.0028562594035165725 0.999994929880219 -0.001407841862024659 -0.4853675072146537 -0.003172978172462059 0.0014169031838396971 0.999993962275281 32.33002479654198 
0.9999917361367039 -0.001937570187406082 0.003573999483736466 0.008288450332076536 0.0019500734114276945 0.9999919801629579 -0.003498120298260747 -0.5114585837727239 -0.0035671931323622034 0.00350506044089032 0.9999874947568383 33.65999002777288 
0.9999933679245405 -0.0010123066799477987 0.0034984768871989765 0.010261693650272574 0.0010260417392460575 0.9999917653058106 -0.003926394810181527 -0.5440438232608047 -0.003494473523793384 0.003929957781339104 0.999986171939858 35.12852988244066 
0.9999936908943579 -0.0009645048315982421 0.0034187571624654783 0.012112296520191967 0.0009703251097416593 0.9999980822793232 -0.0017011517166002673 -0.5744099016998301 -0.0034171100014695655 0.0017044580362039748 0.9999927090599753 36.46895460797813 
0.9999955352998462 -8.088597998158748e-05 0.0029871125816023883 0.015236432673444933 8.113819487130161e-05 0.9999999931546257 -8.430913845475578e-05 -0.6010832388648601 -0.002987105890523131 8.455110967064782e-05 0.9999955350125705 37.9458131811701 
0.9999924328406896 0.0025193520759640804 0.0029643119080623895 0.017019970170334242 -0.002518205138633007 0.9999967529669811 -0.00039074907525603195 -0.6241401994541087 -0.002965286866934195 0.00038328130693001674 0.9999955300720896 39.28807939409408 
0.9999828389590846 0.004969228540184742 0.003102996210350014 0.01949756536238162 -0.004967406732378786 0.9999874854191075 -0.0005948535966426658 -0.6429012936255203 -0.0031059134997814242 0.0005794294476661493 0.9999950087661112 40.633245780771276 
0.9999690536941153 0.0072265104555099486 0.003109540136202622 0.01924967438488928 -0.007226364476526255 0.9999738877513643 -5.862787565659167e-05 -0.671368477212982 -0.0031098827770561087 3.6155370443626277e-05 0.9999951636470157 42.117179152812035 
0.9999611035010691 0.00834432999178974 0.0028572161791975965 0.02127589932167795 -0.008345015917517427 0.9999651538123925 0.00022766521112285975 -0.6938615773558092 -0.002855217054823348 -0.00025149984972118407 0.999995892231493 43.46911931909126 
0.9999709040916751 0.007243023856012876 0.00239366116369842 0.026425650048576277 -0.007242533513956657 0.9999737495859627 -0.00021403955825716387 -0.7188662533492891 -0.0023951487495431937 0.0001966971181106502 0.9999971122802311 44.95842250960735 
0.9999777610154135 0.006440216854957482 0.0017323729325083685 0.03089642588574404 -0.006438792902095275 0.999978928764525 -0.0008270083758286467 -0.7392019618574708 -0.0017376626337494733 0.000815835466330325 0.999998157466608 46.31541849099487 
0.9999828169416275 0.005818373707404537 0.0007158069283441778 0.03412580917462954 -0.005818349509289802 0.9999830725451492 -3.745200184317811e-05 -0.762536875653171 -0.000716012763242603 3.3286531844498684e-05 0.9999997431082464 47.81291163697416 
0.9999818303734116 0.0060231356935269865 -0.00024655517729091115 0.03365151249359777 -0.006022942265667076 0.9999815557374188 0.0007825084256633994 -0.7845649725774559 0.00025126378779444914 -0.0007810091124686384 0.9999996634465826 49.17761043841839 
0.9999770421490944 0.006657125777172979 -0.0012640735167665379 0.03192012575691733 -0.006655799225120329 0.999977296795983 0.0010517577557232407 -0.8054101246371443 0.0012710465549377414 -0.0010433200422090014 0.9999986479631464 50.54444986432813 
0.9999747360504853 0.006652689130757034 -0.0025038004381359737 0.028950378167171276 -0.00665097668650274 0.9999776424486139 0.0006921544935193676 -0.8274489117389903 0.0025083492639135646 -0.0006754841894911401 0.9999966259496693 52.050171378331655 
0.9999697178683302 0.00691314763526358 -0.0035737604277400505 0.025520459206068824 -0.006906292750122614 0.9999742940047228 0.001927281212997638 -0.845524312417804 0.0035869923059521623 -0.001902541137344179 0.9999917568826557 53.422594564233094 
0.9999754557103441 0.005442154166819276 -0.004412590523374087 0.020741186763182595 -0.005429365046204802 0.9999810401923983 0.002905377392655863 -0.8681772136908232 0.004428318579473993 -0.002881348096000086 0.9999860438229254 54.93332963392248 
0.9999793257095189 0.004009372589215174 -0.005027235586973191 0.016889655970479367 -0.003995227876460724 0.9999880409275583 0.0028206611571200205 -0.8874138291356695 0.0050384847859760145 -0.0028005174772419523 0.9999833852554587 56.30604169848183 
0.9999824548005852 0.0017798756903083897 -0.005649967567474081 0.013437919352889627 -0.0017665222627616562 0.9999956368644611 0.0023676225275301144 -0.9070858519403846 0.005654157262759296 -0.0023575998403405664 0.9999812359456316 57.67804205038293 
0.9999835676164973 0.00036167357994192095 -0.005721335579116807 0.01010221043934395 -0.00034546574335057254 0.9999959256089954 0.0028336216591249037 -0.9258446845400237 0.005722337390799711 -0.0028315981481235814 0.9999796182534072 59.187078761940896 
0.999985589591798 -0.0008036289295397691 -0.005307991562172908 0.006703725639421065 0.0008219273287101538 0.999993724678344 0.003446017825979775 -0.9446953041632484 0.0053051891882699344 -0.0034503304402940097 0.999979974900965 60.55794042372053 
0.9999861512907973 -0.0019161596341349648 -0.004901585188181436 0.0027188666107384463 0.001936144342887147 0.9999898202647851 0.004075624881187968 -0.9661164860131888 0.004893725977222765 -0.004085058014634397 0.9999796816747375 62.064397204414306 
0.999982798470452 -0.0037738146721757767 -0.004490105985343076 -0.0012018941680217443 0.00379027511167882 0.9999861083048767 0.003662926717205279 -0.9882764901974546 0.004476220619760923 -0.003679881903167927 0.9999832108251198 63.43073190951351 
0.9999778479339864 -0.005292360159321501 -0.004036647099816324 -0.002631419907564214 0.005303827554642069 0.9999819154612941 0.002835171423285493 -1.0077921002312658 0.004021569548323558 -0.002856517873401751 0.9999878335740333 64.79411848345694 
0.9999808904107139 -0.005195887492129207 -0.00334985421327266 -0.005890807404750509 0.005203408118374849 0.9999839534361679 0.002239965964203337 -1.0305339085826424 0.0033381620138090476 -0.0022573534807628194 0.9999918804868129 66.291384154974 
0.9999903831967346 -0.0035569502756773322 -0.002565460950773554 -0.009644329933619689 0.0035627656046110694 0.9999910870524215 0.0022655103964612394 -1.0501141315847824 0.0025573799016240513 -0.0022746284095435925 0.9999941429239166 67.65059726556112 
0.9999977668280687 -0.0005349282464227215 -0.002044549791465479 -0.019482972836387502 0.0005424423678881088 0.9999930950523075 0.0036763570784599095 -1.0773695673305113 0.0020425691778674674 -0.0036774573863355897 0.9999911520747263 69.14485175395446 
0.999994736291478 0.002974707621603675 -0.0012955765314119402 -0.026812527958443355 -0.0029682710831473646 0.9999833807368597 0.00494242783288691 -1.0982654902153794 0.0013102573244980623 -0.004938555487120395 0.9999869468671946 70.50061089637163 
0.9999763546740433 0.006858685775061284 -0.0004985528613008287 -0.03531857187786175 -0.006855851940633479 0.999961472318426 0.005481891261086687 -1.1196884075812314 0.0005361322251662506 -0.005478342855753376 0.9999848500503512 71.98763118309758 
0.9999375216469419 0.011177330750243726 0.00014186386275716437 -0.04205942019050929 -0.01117791093569673 0.9999245299744394 0.00509790249145387 -1.136807026772166 -8.487224615590603e-05 -0.005099169004479449 0.9999869955551317 73.33622036505183 
0.9998995138044662 0.014151894474706156 0.0008283880721768405 -0.04643997615320877 -0.014155576472121597 0.9998891394712649 0.0046182643813056645 -1.1532265230836276 -0.0007629391142010922 -0.004629525971783516 0.999988992648927 74.68226279257344 
0.9998646311958922 0.016380036306015925 0.0015536235926009558 -0.053186185736361524 -0.01638663936213055 0.9998563326349234 0.004334983684418722 -1.1783944500955834 -0.0014823933026786049 -0.0043598549265489 0.9999893970336273 76.16055349978436 
0.9998592902196831 0.016668991824971287 0.0018826910206625374 -0.05449849964865594 -0.016677250774302724 0.999850986771755 0.004457970544947099 -1.1983369904963235 -0.001808100722422793 -0.004488740752156384 0.9999882909226829 77.5028154993187 
0.9998798556009137 0.015366053679342764 0.00203931619742817 -0.05262653006666762 -0.015375281423032426 0.9998712689039266 0.004587622996035347 -1.21952631802047 -0.0019685601420167164 -0.00461842623716406 0.9999873973776803 78.97566211504983 
0.9998965950365232 0.014246067912098209 0.001961844921209896 -0.049419146545832404 -0.014253206817352704 0.9998916722652527 0.0036728428550437025 -1.2374147732017058 -0.0019093089524515093 -0.00370042513434677 0.9999913306606446 80.31075541771322 
0.999907492397544 0.013496511171262575 0.0016884562583273038 -0.04871971055494195 -0.01350242218201922 0.9999025779014746 0.003538254742319033 -1.2582901466654097 -0.0016405377782602775 -0.0035607251827134588 0.9999923149082083 81.64361299572107 
0.9999073662918049 0.013534437506348796 0.0014414879621918598 -0.04832796269570089 -0.013539850670334443 0.9999010645986497 0.003812270108558186 -1.2798684069405923 -0.0013897485123607286 -0.003831433962756869 0.9999916943240185 83.10840321032015 
0.9999140193816587 0.013080255905514504 0.0009277925515196682 -0.05236189384613321 -0.013083251468593156 0.9999089756159214 0.0032968105635547943 -1.3004012765286097 -0.0008845850424942733 -0.003308665184993361 0.9999941351069398 84.43894929189416 
0.9999097892558788 0.013430869464111872 0.00015857016090998414 -0.061057780876787204 -0.013431366116504313 0.9999029775340161 0.003692406825480232 -1.3218834421548022 -0.0001089625733685871 -0.003694203027330398 0.9999931704752014 85.8990516610702 
0.9999142123924235 0.013077737462994104 -0.0007353131939915573 -0.07497860269752465 -0.013074399802231332 0.9999049450432341 0.004377315717722412 -1.344444054705627 0.0007924886964705864 -0.004367325802999417 0.9999901491689794 87.22834284595831 
0.9999374357505391 0.011036686960757602 -0.0018210347555490923 -0.08361101223709388 -0.011026687395101556 0.9999245482669633 0.0054138605059964534 -1.3629939100131376 0.0018806485042140262 -0.005393441042553672 0.9999836868497064 88.55431625707858 
0.9999566848537035 0.008779223060485352 -0.003090904914490635 -0.09811531371943288 -0.00876004181454444 0.999942619196259 0.006166030712451152 -1.3837288009536355 0.0031448606433911157 -0.006138686293005108 0.9999762129147725 90.00800200506731 
0.9999697166513684 0.0068486984561682415 -0.0036960974910944027 -0.11040288468921514 -0.006825140158946941 0.9999565491007019 0.006349592977322436 -1.4001924090040223 0.003739423499638905 -0.006324173396435667 0.9999730104143639 91.32405362940109 
0.9999761687007291 0.005483302355951206 -0.0041946926823408955 -0.12866053374579328 -0.005459618129600745 0.9999692064955071 0.0056372506382155 -1.4195079994817341 0.004225474450391516 -0.005614214063389344 0.9999753126858538 92.76721844252509 
0.9999808594995689 0.004282901190149456 -0.004465132358157944 -0.145025271032124 -0.0042599522774073115 0.999977733462408 0.005136667756149455 -1.4366954169998265 0.004487032979099315 -0.005117547444656233 0.9999768383610002 94.07557754366556 
0.999977225568233 0.004940679803136876 -0.004597613040560147 -0.17052326195158685 -0.0049189789085065435 0.9999767640509507 0.004719636822466906 -1.4580759352727357 0.004620824635792082 -0.004696913091752708 0.9999782932655669 95.50968693563453 
0.9999786611679008 0.004750751700280644 -0.004484148109347997 -0.1913093962638234 -0.004732581390120129 0.9999805825697236 0.004054272484196733 -1.477335987238174 0.004503322087817081 -0.004032963787928838 0.9999817274868843 96.81009954889448 
0.9999762659370766 0.005417399129035492 -0.004256685287806575 -0.2111320482976928 -0.005403038973510267 0.9999796976342955 0.003378084582635831 -1.4967903446103814 0.004274899496681751 -0.0033550048817020508 0.999985234485861 98.10852336317505 
0.9999674538930542 0.0070795481115515325 -0.00386926099962354 -0.23457548722848465 -0.007065842309267318 0.9999687534790008 0.003544841034583613 -1.5191211339896067 0.003894236147205017 -0.00351738556625754 0.9999862313733408 99.53470695816937 
0.9999651512924741 0.0075190137195693535 -0.0036277627772775536 -0.2481020551573166 -0.00750132104040066 0.9999600222797578 0.0048666191537732745 -1.5357397395950905 0.0036642100835902226 -0.0048392358477070485 0.9999815775174749 100.82854493269645 
0.9999551367470424 0.008819893635530488 -0.003454562669643865 -0.26996032199615855 -0.008797682565563602 0.9999408618329745 0.0063932441235811655 -1.557884093441063 0.003510746252314286 -0.006362564242336749 0.9999735958769198 102.24927578283304 
0.9999596515320076 0.008310144465710026 -0.003411281184663062 -0.28662776882784013 -0.008292574233928016 0.9999524399790262 0.005133317341979096 -1.5763666452427674 0.003453777700386013 -0.005104821183908675 0.9999810059363798 103.53649011072858 
0.9999607856853149 0.008204130612804892 -0.003334571141224966 -0.30475956129956355 -0.008195685223730834 0.9999631914915074 0.002538968945711542 -1.5964692283383846 0.003355278584356565 -0.002511539923278207 0.9999912171030105 104.82085945717134 
0.9999653966728191 0.0076001423579934 -0.0033827981475974592 -0.3155914327487227 -0.007595635961779941 0.9999702502783347 0.0013434410807573339 -1.614904914356598 0.0033929080108593534 -0.0013176998970044651 0.9999933759034089 106.23516362267918 
0.9999792681805774 0.005559100672709511 -0.003249558692659712 -0.33381243251461995 -0.005550721775156185 0.9999812607867714 0.0025821560559727117 -1.6391091038110992 0.003263852412950245 -0.002564064754584807 0.9999913863876972 107.5270978894807 
0.9999918595752106 0.0030931769991186394 -0.0025909558718624935 -0.3514647878238556 -0.0030808281969894706 0.9999839402836784 0.0047568527360646136 -1.6633445712943709 0.0026056281613328763 -0.00474883103864299 0.99998532955093 108.94293027243093 
0.999997299679394 0.0015733567676699256 -0.0017103183515539862 -0.373522192063872 -0.0015641010997165703 0.9999841979009773 0.0053997703002712635 -1.6878151106386734 0.0017187871574432443 -0.005397079832494184 0.9999839585264959 110.22791237772822 
0.9999992911773488 0.0006012184808917827 -0.001027707708912743 -0.3933091958612883 -0.000597048556886679 0.9999916078726542 0.0040531108053356284 -1.7102444708248412 0.0010301359275848273 -0.004052493758784905 0.9999912580229857 111.50695995632671 
0.9999965339781824 0.0026135619891331776 -0.00031833905084867423 -0.413633700672974 -0.002613076905665765 0.99999543622685 0.0015163563860064232 -1.7354438966195622 0.00032230069799069587 -0.0015155190702048804 0.9999987996631172 112.90998214954625 
0.9999897684690463 0.004466721359599745 0.0007151101195053772 -0.42160014508374555 -0.004466254941226586 0.9999898125528494 -0.0006537085968029228 -1.7546843054855206 -0.0007180228071801857 0.0006505079454932985 0.9999995306399322 114.1839263954717 
0.9999685251818349 0.007621200807267572 0.002205897368582471 -0.42952702950410876 -0.007619402818160706 0.9999706332306648 -0.000823008360262696 -1.776801797151124 -0.0022121050166737603 0.0008061747074410797 0.9999972283304858 115.58811095240577 
0.9999530211695637 0.009004444572770044 0.0035882414859553144 -0.43329231004681223 -0.009009005715903693 0.9999586286099261 0.0012565197151371995 -1.7952998701744654 -0.0035767789656165447 -0.0012887870072852017 0.9999927728128291 116.86798306735554 
0.9999480492436826 0.009041910321882774 0.004705604957905603 -0.43309515700084106 -0.009059579998835927 0.999951940885128 0.0037469832858952026 -1.8137113714822588 -0.004671499178655769 -0.003789418911601754 0.999981908536233 118.27763961867905 
0.9999523828352527 0.008089261113258875 0.005458567697712548 -0.4304388205555191 -0.008113361260598268 0.9999573739989401 0.004407211102876648 -1.8272648609344238 -0.005422684232758539 -0.0044512879623660575 0.9999753899627297 119.55912956881195 
0.9999428755607479 0.008537766590677929 0.006430567920812052 -0.43277520129892866 -0.008561503235593368 0.9999566056527348 0.00367252348207893 -1.846497656451104 -0.006398934062555189 -0.003727368512880758 0.9999725798066039 120.84847325850053 
0.9999159097364331 0.010406613085438126 0.0077379527479000945 -0.4473032341940467 -0.010431347259813954 0.9999405902022537 0.0031627537187834086 -1.8829194401688736 -0.007704579889487213 -0.0032432046025298194 0.9999650599241875 122.28856973364142 
0.9998843816302064 0.012376453869345534 0.008834411049557473 -0.4557838253923253 -0.012401639719516232 0.9999191720593325 0.002801540316284342 -1.9108904863181624 -0.008799024309581219 -0.002910777210570565 0.9999570513489766 123.5915588944205 
0.999862921628044 0.013189436189166721 0.01000883535481044 -0.46212822516968255 -0.013206905978808008 0.9999113718229224 0.0016810954996695187 -1.9427115832106199 -0.009985776106632354 -0.001813050587452695 0.9999484972317267 125.026375966192 
0.9998375163738191 0.014239400602334328 0.01105352351420187 -0.4639353624217938 -0.014252726100020291 0.9998977890752243 0.0011274527246309771 -1.9676856191450223 -0.011036340042747997 -0.0012848122368644748 0.9999382723185304 126.3265199776858 
0.9998387289761398 0.013422429488241721 0.01193123991149573 -0.4706093446595441 -0.013433245622101925 0.999909428163047 0.0008266392435722668 -2.006221316365076 -0.011919064382902859 -0.00098678111336634 0.9999284785211998 127.63149193824704 
0.999836112039292 0.012855656171557013 0.012746812385430241 -0.4716459290507121 -0.01287790298192993 0.9999156908742725 0.0016645440937950282 -2.0403462442342932 -0.012724339561175664 -0.0018284232964152337 0.9999173706075501 129.06157227963277 
0.9998368307949067 0.011920568620104174 0.013572468017708877 -0.4741625362322032 -0.0119644023157703 0.9999234534253569 0.003152826513149284 -2.0740108766895875 -0.013533846305933156 -0.0033146981140885993 0.9999029191748423 130.36541687348372 
0.9998448327047834 0.010824792846393632 0.013897281381478048 -0.46975131521746794 -0.010870774403717965 0.9999356711353234 0.0032372526573573365 -2.101927867203128 -0.013861345510097848 -0.003387824119375983 0.9998981876882329 131.79280820116372 
0.9998647696468405 0.00882672254397252 0.013875569893032727 -0.4654819982552157 -0.008877624003634484 0.999954073179433 0.0036109940459872892 -2.129012746181162 -0.013843060102047413 -0.0037336873382648743 0.9998972093471052 133.0930954494532 
0.9998818246116368 0.007216478253687503 0.0135742145097777 -0.4648415474339006 -0.007273520207246404 0.9999649050775119 0.0041574602328024075 -2.1628484247723594 -0.013543736599732925 -0.004255700685942479 0.9998992230247407 134.39082528878015 
0.9998997557884077 0.0056270166874129385 0.012992886442545828 -0.4658827132347785 -0.005676573160556413 0.999976742580873 0.0037803147083575973 -2.200167812696735 -0.012971313033360379 -0.0038536903176893274 0.9999084428604974 135.81778524738135 
0.9999222659137296 0.004089372898436166 0.011778760243239457 -0.46427517850282585 -0.00413303571394568 0.9999846696715219 0.0036848893189055753 -2.2270640162014215 -0.011763511387881299 -0.003733284419963975 0.9999238382907379 137.11405873183023 
0.9999395069960371 0.002752117872820849 0.01064932966681324 -0.4643351088089047 -0.0028026601579362203 0.9999848670782039 0.0047339927821359665 -2.257169387969811 -0.010636140554086158 -0.004763552214606565 0.9999320882343772 138.54165644640065 
0.9999524624839502 0.001243081915985637 0.009670963630478454 -0.4639239219810355 -0.001291881745004499 0.9999864576660619 0.005041379873629364 -2.282953150647178 -0.009664566314552685 -0.005053633268599812 0.9999405267043829 139.83791497051678 
0.9999654479279944 0.000481548372495643 0.008298859792758401 -0.467355024114539 -0.0005224907102601828 0.9999877010313615 0.004932015719279726 -2.317657914864945 -0.00829638315133268 -0.004936180705305086 0.9999534009865345 141.26396084462232 
0.9999747861986075 0.00023523169364313647 0.007097298301165105 -0.4702548534733443 -0.00026710270260640114 0.9999898843914636 0.004489962404050964 -2.3436032018904744 -0.007096170694762023 -0.004491744282472151 0.9999647336747428 142.55915147061762 
0.9999814198306656 -8.207106173432304e-05 0.006095347815698682 -0.47432586774286656 5.737410346405816e-05 0.9999917896220079 0.004051837941136514 -2.368124488751791 -0.006095630626102921 -0.004051412381687353 0.9999732143131942 143.8542080793179 
0.9999854523489522 -0.0018945533183528844 0.00505032201077091 -0.47873922250838696 0.0018835355939588294 0.9999958378842217 0.0021855242443823445 -2.3973358794342166 -0.00505444184003414 -0.0021759796919027267 0.9999848587491293 145.27743256493852 
0.9999662637951678 -0.007193444464287875 0.003965549034851527 -0.4811361128703483 0.007190560220919358 0.9999738727315748 0.0007414519585096627 -2.427690868549296 -0.003970779212027853 -0.0007129123303415177 0.9999918622991396 146.57011698638178 
0.999892614808625 -0.014395247075162527 0.0027451024611304924 -0.48411052478250927 0.014385234120044693 0.9998899232705385 0.0036340754851518927 -2.465622689601716 -0.002797113838862232 -0.0035941957812085147 0.9999896289026549 147.99648266081525 
0.9997631457381008 -0.02172337483625948 0.0013218115575237845 -0.48304436387839894 0.021717186768560062 0.9997538850634939 0.0045313704680674536 -2.4910056880184874 -0.001419922960288908 -0.004501590509093586 0.9999888596911733 149.29152912345702 
0.9996864281804299 -0.02504055551359846 0.0001249611567415744 -0.4881902029042347 0.02504021483832907 0.9996838972770982 0.0022568646339633388 -2.5191981330107636 -0.00018143478897887988 -0.0022530275496729754 0.9999974454728167 150.58362781414368 
0.999685809904289 -0.02506238564421585 0.0003975245674680295 -0.4980096585127281 0.02506311193190616 0.9996840125619605 -0.0019276227941836673 -2.547912604605518 -0.0003490881128421083 0.001936980098201127 0.9999980631182761 152.00301408254913 
0.9997662976377231 -0.021583051057662443 0.001233609713820345 -0.5136038674964876 0.02158744081818441 0.999760265494371 -0.0036598047943560367 -2.582790686615096 -0.0011543242438725853 0.0036855794521152146 0.9999925419861548 153.29499125510594 
0.9997686636446698 -0.021413141282974425 0.0020239457210673244 -0.5200218925714934 0.021420214758283495 0.9997643000564247 -0.0035382146874614715 -2.6145656416734475 -0.0019477044489104782 0.003580749020270908 0.9999916923011509 154.71710865883784 
0.9997082318028558 -0.02401356103802658 0.0026076609293054606 -0.5186510797920066 0.02401498592266406 0.9997114662703971 -0.0005147038300175132 -2.6429916898214905 -0.0025945487608130435 0.0005771765242789705 0.9999964675832311 156.01199541141966 
0.9995655684282501 -0.029311468737886513 0.003084131985124083 -0.5107499773166434 0.029303084624290255 0.9995668412093003 0.0027312138481341433 -2.6668214516832522 -0.003162852089562866 -0.002639652351861392 0.9999915142652136 157.30838671385814 
0.9994281151673645 -0.03367500858986712 0.0030718050706520514 -0.4992729806867124 0.03366426904553272 0.9994271206843955 0.0034853768736113366 -2.6910849373946415 -0.003187415525904284 -0.003379973067829306 0.9999892080245634 158.73155692243287 
0.9993651246135925 -0.03550272827131991 0.002983878757484157 -0.49080609430376637 0.035491175346963465 0.9993626061949953 0.003841649227069065 -2.7123880749614324 -0.0031183660085712024 -0.003733308342971941 0.9999881690320238 160.02633898891497 
0.9994210728513699 -0.03380323951141393 0.003854830037034309 -0.4845836463005555 0.033786902774220466 0.9994201132529431 0.00422881186928848 -2.739154283529431 -0.003995542387768966 -0.004096120328363918 0.9999836285861854 161.45146128783475 
0.9995367188797459 -0.03001706229514446 0.005032219112619127 -0.48349549519396323 0.029997446001480143 0.9995422477590488 0.003930462027086835 -2.762028917697921 -0.0051478967624314295 -0.0037776868498292475 0.9999796139124546 162.7480094256481 
0.9996328144489168 -0.026418369294673096 0.006025425311487003 -0.4761769898693472 0.026409956736904897 0.9996501121235438 0.0014723491905863524 -2.790027038878934 -0.006062214430708098 -0.0013126771541616374 0.9999807630298947 164.17347918022077 
0.9996965826969341 -0.02368824848077273 0.006753456997949411 -0.46848732034438734 0.023684262929410244 0.9997192639799457 0.0006702019831519578 -2.812578847709799 -0.006767437283990469 -0.0005100479107985142 0.9999769705530651 165.4735695444294 
0.9997377741652851 -0.02175268623877006 0.007155650298383078 -0.4600352552677719 0.021738755093015087 0.9997616457460643 0.0020195158976632644 -2.8364411814611525 -0.007197874955779843 -0.0018634311380783866 0.9999723587256933 166.77782022848533 
0.9997757027103106 -0.020019068940155024 0.006912377022605521 -0.4490747137387741 0.020007293768000558 0.9997982691312567 0.0017690212740205627 -2.864298896932155 -0.006946397071660347 -0.0016303263025180654 0.9999745444753071 168.2132680912354 
0.9998135604213758 -0.01820122628781897 0.006446672831357659 -0.4422819665236514 0.018205117590734607 0.9998341247214928 -0.0005448981881823355 -2.8878447695325855 -0.0064356859718817765 0.000662158934035167 0.999979071522026 169.51922726932813 
0.999878047839191 -0.014448163404741692 0.00592789181093188 -0.4376624010825738 0.01446949253236043 0.9998889360197405 -0.00357065131904001 -2.9168102252744723 -0.005875644348207738 0.003655988926917158 0.9999760549788084 170.95772106129 
0.9999359867910157 -0.009750325300239537 0.005740505679334371 -0.4110010475174723 0.009778139307538293 0.999940494341949 -0.004836926684955988 -2.9344905366229472 -0.005693002736568583 0.004892747812304404 0.999971824961661 172.26500238783996 
0.9999679491757242 -0.005283776649444911 0.006015172079352974 -0.388261603509034 0.005308518219469921 0.9999774860588927 -0.004104516940318155 -2.9615428391581298 -0.005993349584006161 0.004136316431827016 0.9999734849624503 173.57874836262968 
0.9999767648430835 -0.001814986243837926 0.006570813890535739 -0.3774320258746268 0.001824849798026682 0.999997216885077 -0.0014953798322761272 -2.9886479614432093 -0.0065680818306677845 0.0015073356008154964 0.9999772938565333 175.03295590549644 
0.999976450269348 -0.0013868069536065093 0.006721285035547136 -0.35913421640348064 0.0013840146074271054 0.9999989540046873 0.00042012042563517463 -3.0103477550537634 -0.006721860966437873 -0.00041080813624656717 0.9999773236500953 176.35704470361958 
0.9999731077220925 -0.0044034716478287056 0.0058645755639540505 -0.3397048660378757 0.004392973108553146 0.9999887272677123 0.0018019856614847343 -3.0161315154928556 -0.005872444740885929 -0.0017761740400149243 0.9999811796201525 177.81193924465438 
0.9999672725554916 -0.006881109906004987 0.004254891114069379 -0.3211901647201324 0.0068739198653546855 0.9999749251356091 0.0017024612288796047 -3.0247586461910023 -0.004266499456823615 -0.0016731574997208465 0.9999894987067859 179.13466165119056 
0.9999714765506691 -0.007253296108152707 0.0021061169470047774 -0.313138377810469 0.007258866982654878 0.9999701455722245 -0.002648938717391558 -3.0440733869844996 -0.002086840621235841 0.002664150801524613 0.9999942736770243 180.59142924611172 
0.9999804473209852 -0.006216862118329812 0.0006749489830238343 -0.30872677999682424 0.006221414868487552 0.9999563903964129 -0.006965010442758757 -3.0642605093859125 -0.0006316190423562475 0.006969072402145212 0.9999755162323608 181.91666776627713 
0.9999987087664342 -0.0016048946784817913 8.226911194117018e-05 -0.3135831486526096 0.001605496970609847 0.9999672621949911 -0.007930760012202685 -3.0892796408951204 -6.953836123366796e-05 0.007930880721519687 0.9999685476399176 183.24914039364612 
0.9999965251924395 0.002635869907764765 -4.25185688491868e-05 -0.3182743289177585 -0.002636089241719657 0.9999758741498471 -0.006426675393463997 -3.116987211135765 2.5577681124280905e-05 0.006426764223759552 0.9999793478005373 184.72008772382372 
0.9999907390278463 0.004297684986321238 0.00022756485481738214 -0.31392291765254265 -0.004296873358433981 0.999984789951639 -0.003457850610717401 -3.1391224658297565 -0.00024242215223439025 0.0034568402718511662 0.9999939957205964 186.06120806433066 
0.999986904524415 0.005075457456825731 0.0006561545667595979 -0.3084281471977195 -0.005074659591656388 0.9999863875779085 -0.001213451786878282 -3.1676635732592855 -0.0006623044926353976 0.001210105955991394 0.9999990484957857 187.53886241056688 
0.999989781732436 0.004460508513710527 0.0007350642693455193 -0.3086297616279893 -0.0044601931523137505 0.9999899602767369 -0.0004312770517616369 -3.1959855896493448 -0.0007369806447643091 0.000427994049235926 0.9999996368392022 188.8850447753013 
0.999995057603505 0.0030701133959794118 0.0006776360170498066 -0.306882256869419 -0.0030703404547361974 0.9999952309022438 0.0003334131273949247 -3.2227879606009844 -0.0006766092073795738 -0.00033549200935350566 0.9999997148223422 190.23434163768619 
0.9999997185987934 0.00033627327506470923 0.0006706159216863944 -0.30265936158145373 -0.00033680184844125987 0.9999996327005217 0.0007881368200156087 -3.253121883693126 -0.0006703506823025411 -0.0007883623525276366 0.9999994645575359 191.72148593249932 
0.9999970068806131 -0.002217660396775048 0.0010335371507040369 -0.30051525625486564 0.002216860289222855 0.9999972424079092 0.0007750613845560045 -3.2825501356409155 -0.0010352531752498423 -0.0007727677482098299 0.9999991655400989 193.0762816573298 
0.9999844014148394 -0.005411264900640168 0.0013838721184382462 -0.2974897623307025 0.005408748377209023 0.9999837227023636 0.0018165371105856318 -3.3172454604954855 -0.001393679425570495 -0.0018090235005123855 0.9999973925431074 194.57151220949623 
0.9999548710724474 -0.009333669264443196 0.0017715429642428486 -0.2942009482281635 0.009327302896649988 0.9999501286460514 0.0035695532244602876 -3.3462358020417677 -0.0018047717352070545 -0.0035528679068062793 0.9999920599344233 195.9355057246137 
0.9999172587644937 -0.012705594581909197 0.0020108168082106485 -0.2953580645779276 0.012698708582574625 0.9999135803335263 0.0034021712457634064 -3.3884493957520507 -0.002053869741834261 -0.003376354482933109 0.9999921908956149 197.43739701025933 
0.9999383292680271 -0.010877627727765222 0.002239372382139588 -0.29964262238658257 0.010879150257154106 0.9999405972832413 -0.0006678969757193677 -3.4220638292599683 -0.002231974320121537 0.000692218157220827 0.9999972695561826 198.80220092139885 
0.9999854482130233 -0.00468705253569701 0.002671117980163771 -0.3141510085825001 0.004703594671002305 0.9999695912122356 -0.006220361761712563 -3.472283370269024 -0.0026418816998074967 0.006232834204842949 0.9999770858454111 200.1677985138636 
0.9999791563231845 0.005143607363041956 0.0039025958810906653 -0.3323448948548684 -0.005117591421155073 0.9999648097070233 -0.006647525834999607 -3.518283972179804 -0.003936650991977562 0.006627414420973018 0.9999702896240631 201.67964053930768 
0.999899151913749 0.013178270038227868 0.005293321830923669 -0.3481973677552709 -0.013164780204990512 0.9999100229628527 -0.0025757521050109563 -3.5574683445692394 -0.005326789782704774 0.0025058065416086023 0.9999826729652979 203.0602726673172 
0.9998752211334879 0.01458465323573035 0.0060687816094013546 -0.35135572901521767 -0.014584000451600953 0.9998936361909371 -0.00015227132905965796 -3.583613542953962 -0.006070357253836089 6.37451755831187e-05 0.9999815731759907 204.58071457944584 
0.9999048852440472 0.012624109827926642 0.005554491045073857 -0.347785554966534 -0.012623267632633814 0.9999203058553038 -0.0001870971048537833 -3.6064809441731502 -0.005556410609759574 0.00011696343818287925 0.9999845561873675 205.96341962151348 
0.9999437368614539 0.009636225586483402 0.004434672003342202 -0.34355316112588125 -0.009635784332375379 0.999953567377313 -0.00012127680368542574 -3.6301703504818232 -0.004435634972172183 7.853840466113214e-05 0.9999901594355597 207.35123772380226 
0.999969694533725 0.007070760616817548 0.0032579744018945214 -0.34186856349311456 -0.007070125233793939 0.9999749849269491 -0.00020691966361512305 -3.6536451933814074 -0.0032593561526536386 0.00018387906380662057 0.9999946713762852 208.88157820523108 
0.9999688447449314 0.00739896129096629 0.002750445520025677 -0.34251455106948275 -0.00739604209683792 0.9999720758543699 -0.0010705325560082274 -3.676001363444015 -0.002758289687591041 0.001050156627880586 0.9999956444918401 210.28061602008697 
0.9999567546469782 0.008918059663742765 0.0026376298954769277 -0.3477981273106243 -0.008915726487788194 0.9999598529785972 -0.0008956641608760442 -3.7124858505497342 -0.0026455117279424534 0.0008721089008807558 0.9999961203364454 211.8244607831957 
0.9999455443883636 0.010125392737730539 0.002526801618850962 -0.3529589657877072 -0.010125550509517493 0.9999487340831408 4.887980519828762e-05 -3.7440991088510764 -0.0025261772901307494 -7.446240603215039e-05 0.9999968064349816 213.2305242233792 
0.999951689981139 0.00955483181336262 0.0023071492969892154 -0.35723278611725195 -0.009554801904988992 0.9999543515104098 -2.478547096917147e-05 -3.7790903748710947 -0.002307280925637379 2.73990398359548e-06 0.9999973382183873 214.63785039156627 
0.999956752731363 0.009107821597409733 0.0018815674212853107 -0.35711030737600413 -0.009105033420559813 0.9999574440787814 -0.0014860554792640464 -3.812765354425792 -0.0018950221775440672 0.0014688592540555612 0.9999971256644338 216.19313855111935 
0.9999636227991459 0.008358133460088032 0.0017013889512781208 -0.35550349952084287 -0.008355434907637758 0.9999638317998435 -0.0015880066489880585 -3.838726018390911 -0.0017146002763726847 0.0015737328001610878 0.9999972917486504 217.61016206560353 
0.9999612211909633 0.008719945654780287 0.0012323568235548077 -0.3603187734762145 -0.008718407695769427 0.9999612136040619 -0.0012492470721552373 -3.8710351751402095 -0.0012432024591111151 0.0012384542507896793 0.9999984603357764 219.17344166634714 
0.9999613072227834 0.00875092375460013 0.0008974584295064853 -0.36650890478833686 -0.008749320814038133 0.9999601457646522 -0.0017765788543285125 -3.9019112072233386 -0.0009129694176427341 0.0017686576991878015 0.9999980191635878 220.59509652604797 
