1.0 1.4792160378993638e-18 -7.52270313892768e-18 0.0 1.3510120599546416e-18 1.0 -1.524425328477961e-18 0.0 3.498983956776426e-18 -2.04963745415834e-18 0.9999999999999999 -2.220446049250313e-16 
0.9999910998803062 0.00014539734728310122 0.004216517201556217 0.005772025715417517 -0.0001491351352540742 0.9999995962416598 0.0008861570812707182 0.0012529505780285444 -0.0042163868099215395 -0.0008867779346312245 0.9999907178121685 1.4871035101749999 
0.9999639211949346 -0.00012696141553390113 0.00849353758660503 0.01840717083318988 0.00011720143807757361 0.9999993323462257 0.001149596226221687 0.003716594483842539 -0.00849367818217425 -0.001148559186079476 0.9999632684507421 2.9798176353139176 
0.9999126512358473 -0.0010001818607815872 0.013179131796639836 0.039841844028376594 0.0009818644896266886 0.9999985431664076 0.0013962852380985406 0.007826630560141434 -0.013180509618961547 -0.0013832230292321666 0.9999121765809176 4.627526744876951 
0.9998477757052556 -0.0006532659960203341 0.017435556644919567 0.06517777723711898 0.0006369010131519876 0.9999993514798241 0.0009441400174084742 0.009615481444207985 -0.017436162748768365 -0.0009328915118221321 0.9998475433604649 6.128222630169047 
0.9997522164098033 -0.0004475157169029865 0.02225545953906773 0.10084107989211727 0.00043430101470388026 0.999999726527692 0.0005986062272135313 0.011165738153948945 -0.022255722149512193 -0.0005887923249695325 0.9997521373755751 7.784273210361685 
0.9996464710541131 0.0005237635898379567 0.02658304988971465 0.13845296041184169 -0.0005811045598696334 0.9999975212637229 0.002149367586876771 0.014329940990664536 -0.026581859209455296 -0.0021640550764464683 0.9996442975722883 9.296323560491984 
0.9995202492539679 0.0009278678855117327 0.03095820316723667 0.1829949962726627 -0.0010335808479190018 0.999993689685537 0.003398866745187299 0.01763514577295111 -0.03095485524696138 -0.0034292336302772187 0.9995149010130175 10.810274345596799 
0.9993574498370749 0.0014406712906305508 0.03581357089123135 0.24143676254082463 -0.0015474088893659517 0.9999944431657739 0.0029528216964569954 0.021828385953040708 -0.035809119146227884 -0.003006342347504606 0.9993541259035168 12.478065761543398 
0.9991956449890442 0.0018385381264964394 0.04005849146771887 0.3011166334370475 -0.001924525027514755 0.9999959261092064 0.0021080699597568735 0.026604179699094677 -0.04005445396960412 -0.002183467747037554 0.9991951127127597 13.99609055086857 
0.9990215594079408 0.002343981826790004 0.04416366720219905 0.3668088665153087 -0.0024060289994131344 0.999996191782726 0.0013518256783344612 0.027500817933165944 -0.04416033197280719 -0.0014567620096924056 0.9990233946324323 15.516626079036872 
0.9988193669163504 0.001713957268486448 0.04854826996226875 0.44577516366410147 -0.0017870886498829778 0.9999973329745453 0.0014629931651220416 0.026934863792266173 -0.04854563474498526 -0.0015480259189361012 0.9988197660633708 17.192662095916923 
0.9986483960358261 0.0021744947208864004 0.051929303370309376 0.5227691710206961 -0.0022686656641210078 0.9999958873192486 0.001754562496417821 0.02378328018553666 -0.05192527640855222 -0.0018700011718671091 0.9986492221475503 18.716676906725706 
0.9985008401211194 0.0021601885047740684 0.05469374490109572 0.6051506992436728 -0.0022521890932879845 0.9999961507706364 0.0016205175433281782 0.02234885842675871 -0.05469003574295331 -0.001741268727765538 0.9985018618492806 20.240909190636923 
0.9983469240169099 0.002126705230086001 0.05743601906542284 0.6989312806960792 -0.0022320643487380213 0.9999959419909942 0.0017702766222553062 0.02177245362962099 -0.05743202322712089 -0.0018955510440905132 0.9983476196946639 21.91775000565509 
0.9982312439931305 0.0021496201926136725 0.059411804338011444 0.7875197560561396 -0.0022313093058588538 0.9999966543343706 0.001308651139355244 0.02148309865964937 -0.059408794627894966 -0.0014389025573364955 0.9982327007494749 23.442227311298257 
0.998150474467486 0.001603141895301429 0.06077055284273208 0.8797822831652495 -0.001696888815289858 0.9999974486522395 0.0014910562831831886 0.0217256873638888 -0.06076800963574124 -0.0015914193848378664 0.9981506482296938 24.966792691007157 
0.998137447629784 0.00015215496295755326 0.0610050187769471 0.9844600833808719 -0.00031733900989278595 0.9999963099515213 0.002698032240870317 0.024404225913323252 -0.061004385372513306 -0.0027123661362541285 0.9981338127769135 26.643802478815918 
0.9981974285395961 -0.0009156695269146512 0.060008791302050606 1.080102000816556 0.0006919176056448725 0.9999927318723072 0.0037493275686396495 0.027928433944639508 -0.06001179048793809 -0.003701047732429491 0.9981908071186624 28.16914719781116 
0.9983212201844344 -0.0013670867993796998 0.057903991556814784 1.1818401449880327 0.0011594388717796075 0.999992777363936 0.0036195204931674723 0.03526734901972228 -0.057908523651536724 -0.0035463077227864386 0.9983155947634154 29.84709020779278 
0.9984693304215927 -0.0003578290324230234 0.05530703408017705 1.2683556376297513 0.00019294997753616463 0.9999955218724502 0.002986470633031722 0.03970204471021477 -0.055307857073597956 -0.0029712276472902087 0.998464928226224 31.376077956428563 
0.9986326799787729 0.0010281985110886759 0.05226579340291466 1.3493113710514608 -0.0011937065712466172 0.9999943717074576 0.0031355402255411912 0.043919010822991655 -0.05226227718736439 -0.003193642730710935 0.9986282867819346 32.90905122294031 
0.9988184928632595 0.003836214775195134 0.04844483123497292 1.430742982615496 -0.003962428647301432 0.9999890006353983 0.002509531669674558 0.04885104900571979 -0.04843467303929446 -0.002698525644091991 0.9988227072520613 34.59769657478765 
0.9989665496429808 0.00548042916164945 0.045119812866432955 1.5013144391041164 -0.00552318009382108 0.9999844085518381 0.0008228671416182741 0.04969022277338042 -0.045114601362388776 -0.0010712215957456026 0.9989812437329619 36.135487751183206 
0.9991139944703445 0.007380885072547005 0.041433664232398124 1.5655594650787306 -0.007352147877590759 0.9999726147667507 -0.0008459360596424531 0.0478283377674823 -0.041438774825163324 0.0005405599603431632 0.9991408988844218 37.67775739427844 
0.999283453057507 0.008187457431361036 0.03695329412672849 1.6318188438958106 -0.008105918559039091 0.9999643713607106 -0.002355856912836848 0.042515512946172174 -0.036971267349410544 0.002054628107794545 0.9993142168332618 39.37859663619204 
0.9994350268105187 0.007800697016165621 0.0326921440591289 1.6884081611404498 -0.007705775827138222 0.9999657239648992 -0.00302851188640001 0.041099194212761425 -0.0327146491890103 0.0027748821231667973 0.999460880582522 40.9273835888404 
0.9995711517013648 0.007852982437308042 0.02821069547088229 1.7385170862050732 -0.007814006034787402 0.9999683576475544 -0.001491637335191338 0.0406191248267368 -0.028221517643778962 0.0012705588868968558 0.9996008861879293 42.481068106479015 
0.9996955996745613 0.0076529372855124985 0.023455074913804923 1.7847546817665956 -0.007649825713386957 0.9999707149001671 -0.00022243472027332748 0.039381798986882766 -0.02345609116231569 4.293971158140956e-05 0.9997248671399429 44.19544868552994 
0.9997803899553821 0.008021967129872602 0.019360266294380694 1.8187515003219796 -0.008029809658933735 0.9999677069725411 0.00032731686004294975 0.04017487296249078 -0.019357016073761463 -0.0004827042244146071 0.9998125189009122 45.75801850321305 
0.999845373082983 0.008586168384158856 0.015346258602107768 1.8463433910255564 -0.008618688107574528 0.9999607486554513 0.0020541006990093176 0.043119384909097946 -0.015328019950424704 -0.002186047483377885 0.9998801293249101 47.324518981767675 
0.9999012850327103 0.008613740147618596 0.011100616804166902 1.8697359167700935 -0.00865348913815602 0.9999563001780467 0.0035376300693268953 0.04881855616329467 -0.011069659896040251 -0.003633339529225928 0.9999321284388674 49.04972928868946 
0.9999236170831511 0.009718038174964054 0.007636737749761785 1.8838102261623049 -0.00975432458067628 0.9999412451430439 0.004728570447270307 0.055706768760903635 -0.007590336915846557 -0.004802699950465628 0.999959659618271 50.61989104546294 
0.999950235550171 0.009059635303255972 0.004177255490279289 1.8947708943319288 -0.009088084725161498 0.9999352927549211 0.006842294053448584 0.06689064086286467 -0.0041149966714566655 -0.0068799160216485725 0.9999678662622474 52.349508048449515 
0.9999336711656543 0.011485032437826087 0.0008644877530684257 1.8992323890340148 -0.011491905556161553 0.9998985617102589 0.008414413972102913 0.07966519656824766 -0.0007677602946734923 -0.008423789498295189 0.9999642245143439 53.921881243963576 
0.9999469892799949 0.01003018435898312 -0.0023268155188266968 1.8999774859463399 -0.010005600422128122 0.9998964030527284 0.010347516381362219 0.09693845358208053 0.0024303620250945256 -0.010323685472814552 0.9999437558417829 55.49722826291076 
0.9998550352244004 0.01609397832337784 -0.005558097342725007 1.8864170853999176 -0.016043249084298772 0.999830299966251 0.009054578423348107 0.1130299349747611 0.005702878504601506 -0.008964094840779127 0.999943559492388 57.22829551489438 
0.9997454884032664 0.021092581616381813 -0.008003840612481113 1.8683178602327817 -0.021062838491353833 0.9997709974508558 0.0037827830893439117 0.12499526370014025 0.0080817966560481 -0.0036132362831079808 0.9999608137736204 58.79992929486219 
0.999609198519095 0.02609163108581462 -0.010033795911076024 1.8454329039384318 -0.026056016580719044 0.9996537682830483 0.003664358569662198 0.13186425395390622 0.010125931341485124 -0.0034014853557042617 0.9999429460766609 60.378395290643645 
0.9995325265185339 0.028097470000966657 -0.012052412284569575 1.8213111551541568 -0.028034620308847482 0.9995926212885535 0.005352709885457762 0.1375018633889752 0.01219790042156617 -0.0050123222180283224 0.9999130401424573 62.11881512695686 
0.9995051330202301 0.02811797751013665 -0.014102072083829232 1.8006583020420157 -0.02807303300438488 0.9996001760910109 0.003375314612275776 0.1456281964586279 0.014191341264210268 -0.002977755958160006 0.9998948638734443 63.70058957207272 
0.9994493462842007 0.02903776247759698 -0.016056543477582376 1.7761891824884248 -0.0290437585099068 0.9995781312394629 -0.00014004988933290783 0.1512904348636318 0.016045703570458404 0.0006063151232466221 0.9998710755783973 65.28253207822462 
0.9993555603303006 0.03114880814878201 -0.01783860433755878 1.743678789889798 -0.031191541015980456 0.9995111729636481 -0.002121997525005085 0.1536400638496186 0.01776378730178688 0.002677043333917056 0.9998386276290686 67.0286435948764 
0.9992425333570246 0.03381847875995858 -0.01925279274038221 1.710497956413077 -0.0338098804448665 0.9994279841790689 0.0007722814830269119 0.15902162668761477 0.019267897920457175 -0.00012076180985192843 0.9998143495309437 68.6232917799404 
0.9991151132007938 0.036497458329182796 -0.020902777261152715 1.6696245363722426 -0.03644678024564895 0.9993316707978436 0.0028007069386152476 0.1670777236361145 0.0209910267640346 -0.0020363894007757494 0.9997775902251488 70.3783826546643 
0.9990028352764939 0.0383955701223096 -0.022784101455757214 1.6341160071311005 -0.038337171556346236 0.999260372632429 0.002994826257731148 0.17444221476027333 0.02288223859528002 -0.002118361601530569 0.9997359229844659 71.81503904886438 
0.9988726493892538 0.03985597135358348 -0.025786271757591694 1.586351870375123 -0.03977262502943925 0.9992017662007424 0.0037374791218989824 0.18502213969657355 0.02591465007625139 -0.00270767756417983 0.9996604920678974 73.5756436143506 
0.9987637114286332 0.04040657270314575 -0.0289544050042433 1.5338384598460708 -0.0402634709431407 0.9991739114987939 0.005508858626187571 0.19568487621421948 0.02915308124476835 -0.004336242656445957 0.9995655530602013 75.34078077010433 
0.9986766039678066 0.04033414721720044 -0.031909202510070525 1.4812095329606687 -0.04010578946908985 0.9991652676935433 0.007764890436488114 0.20830728484214223 0.03219575825187907 -0.0064748698139260865 0.9994606091411012 76.94838518895953 
0.998550776087706 0.04119774150942583 -0.03462793102966802 1.4234903639718264 -0.04093676717232058 0.9991279877228156 0.00821250793202086 0.22217291018946006 0.03493607307640369 -0.006783049736739263 0.9993665298837758 78.55662369983992 
0.9983750694464502 0.04325671345604162 -0.037095516799804294 1.3534256086099046 -0.043056294677938645 0.9990535009649404 0.006185285372141751 0.23776977097217694 0.03732796238731072 -0.004578038574047206 0.9992925821860819 80.32562394603423 
0.9982893802121878 0.043864951579581195 -0.03865461535451373 1.2880321913329307 -0.043640119584868776 0.9990252388336122 0.006641701444219483 0.2517252939113668 0.03890827564665315 -0.004943447299139115 0.9992305582012961 81.93883300132889 
0.9982655156991364 0.043860730672108994 -0.039270808232435436 1.2214667867091886 -0.043447309157184026 0.9989915827772194 0.01132028871783858 0.2662091095463611 0.03972772442306738 -0.009594441690743208 0.9991644782632318 83.55959328684465 
0.9982748134619467 0.04335344659094023 -0.03959640624938832 1.1486540708778135 -0.0427527913159416 0.9989592668609608 0.015892830611609943 0.2909424270536913 0.04024420736256171 -0.014172553877027146 0.9990893566148904 85.34569826926977 
0.99833600499254 0.04195148321888553 -0.03956379801918707 1.0818613946657107 -0.041264422731203336 0.9989856410761894 0.018025992751484213 0.3180279620035006 0.04027988467796559 -0.01636341830849163 0.9990544376733119 86.97089407613375 
0.9984116628409245 0.04061842869289591 -0.039042216727042174 1.0169382748179527 -0.03990564802471823 0.9990253267373833 0.018866262515433087 0.3481108897648442 0.03977048265812186 -0.0172782894729517 0.9990594423859367 88.59642014877696 
0.9985152382498215 0.038349520144536464 -0.03868634431845858 0.9474227052440438 -0.03770058228916856 0.9991381540400217 0.017367074727528336 0.38155263188414834 0.03931902301564599 -0.015882789115804385 0.99910047114483 90.38611485526982 
0.998570573799153 0.036575915336246025 -0.03897449831609488 0.8836647092554109 -0.03610071759988173 0.9992658245739463 0.012827706378589609 0.4062871763504412 0.03941507069971731 -0.011402361339570602 0.9991578645913579 92.01395899362348 
0.9984236742362833 0.04022893908246357 -0.039138205382140905 0.8056439598581209 -0.039898178459060366 0.9991614306518367 0.009196243368914447 0.42546659551516375 0.03947534180885092 -0.007620203000833798 0.9991914881147201 93.8104515292986 
0.9982306184754483 0.04450072907610132 -0.03943751199871815 0.7315449962045697 -0.04417017376957506 0.9989815266608674 0.009214402314958214 0.4406083450859386 0.039807394989069676 -0.007456135790530649 0.9991795521175831 95.44858434149137 
0.9981062577538831 0.046688129656490905 -0.04005142524947798 0.6584762178913477 -0.04629561978308711 0.9988707642900632 0.010672953059432177 0.4573109739327464 0.04050449941157418 -0.008798534552638768 0.9991406164013269 97.09202042633952 
0.9981356113152025 0.045351677245019144 -0.04084760320983101 0.5812306462863661 -0.04488709692901961 0.9989173195022382 0.012220368696712353 0.4784298013298015 0.04135759399593129 -0.010364053544113702 0.9990906544639333 98.90346955542056 
0.9983136874802742 0.04047498105768333 -0.04161198416531281 0.5153934367667037 -0.03993350344469018 0.9991075505284324 0.013762915022698507 0.49901655690662106 0.04213190279358378 -0.012077992625865968 0.9990390507295761 100.55470221765671 
0.9984425495005591 0.035867574252474096 -0.042731632527545485 0.44931576730774464 -0.03529006235095173 0.9992763123646939 0.01419376867575791 0.5192701431183089 0.043209805760207304 -0.012663659030894198 0.9989857578807497 102.20993581427179 
0.998488201276197 0.03330953693047241 -0.04372398228501835 0.37266850998664175 -0.03267712373695554 0.9993518881192299 0.015099977143530155 0.5452852601905486 0.044198619067441144 -0.013648373346748632 0.9989295290456858 104.03351783910647 
0.9984154615923555 0.034638095295147435 -0.04434826224941568 0.2957436682079149 -0.03392895580228587 0.9992856353076092 0.01664467032877637 0.5705545407787082 0.04489312268348536 -0.015113604118182753 0.9988774632181219 105.69461411307412 
0.9983205805036744 0.036726169255735464 -0.04480186356372985 0.21599476919320088 -0.03610663388693137 0.999241864648602 0.014560458500543511 0.5959746959685739 0.04530264916071118 -0.012918359286041755 0.9988897767018117 107.3552194866386 
0.9982576701539331 0.038342460170176805 -0.044849522418475 0.12599190263432203 -0.03774750872664103 0.9991886944754295 0.014038463387746189 0.6210992993125768 0.04535140658985616 -0.01232104447149571 0.9988951105157923 109.1903966879047 
0.9982304289113919 0.03936827038256542 -0.044566242951275585 0.04580351906175911 -0.038599665659974504 0.9990930184774888 0.01797793916272233 0.6467707987589687 0.04523358416103048 -0.016225881852460898 0.998844654407115 110.86658075825972 
0.9982335114570187 0.039706408508098805 -0.04419567461432692 -0.04107365015930209 -0.038822985688153275 0.9990322674536172 0.020671343394931613 0.68068780294654 0.044973691409051164 -0.018919017361239483 0.998809009704599 112.71152699419744 
0.9981826741898875 0.041623345490561285 -0.04357574982105544 -0.12041293194964903 -0.04079842461266261 0.9989741087369882 0.01965244768787574 0.7141361341793723 0.044349048022000744 -0.01783890866894143 0.9988568142051267 114.38651037863302 
0.9981032954446305 0.044198450756520166 -0.04285216996196544 -0.20089838130460053 -0.04344338071714956 0.9988865299078119 0.0183949213902858 0.7466788043222765 0.0436174839183185 -0.01649838650518762 0.9989120673762252 116.0639266907052 
0.9979708129782523 0.04764037302871826 -0.04224513191145362 -0.29056913017481967 -0.04692380284030971 0.9987399480409659 0.017795309307827897 0.7755731921897261 0.04303967754307646 -0.015776895119856325 0.9989487853484434 117.91503797735362 
0.9979683218344135 0.048129343097784785 -0.04174679405294907 -0.3675263363692009 -0.04739285895715121 0.9987058043067034 0.0184562588318465 0.8034054109618876 0.04258105464628279 -0.01644025971981201 0.9989577426767045 119.60046617210875 
0.9979905988950765 0.047991887249524655 -0.04137080061076639 -0.4427337185453527 -0.047197128835107516 0.9986857792837575 0.01997862399972081 0.8309715400439714 0.04227524360357458 -0.017985893736326895 0.9989440982387644 121.28765651256201 
0.9980236463243244 0.04748461652334437 -0.04115838242921086 -0.5233938956556844 -0.046669972585585306 0.9986992993985776 0.020533464594089033 0.8645138628168617 0.042079872865611184 -0.01857202037188877 0.9989416220967451 123.14334082787147 
0.9980150612770294 0.047551494514657365 -0.04128913544465986 -0.5975908655943465 -0.04672836744591169 0.9986935923231443 0.020677728557477924 0.89470475162684 0.042218453378933186 -0.018707308370547758 0.9989332504256323 124.8328349164614 
0.9980373733340805 0.04698781594207786 -0.041395005234621196 -0.671779971263877 -0.046163178446377004 0.9987202966314719 0.020657448457488913 0.9255103946191868 0.042312681778139356 -0.018705978314705336 0.998929288455574 126.52256358803054 
0.9980966283835113 0.0454437520006149 -0.041689155703607164 -0.7522358396486777 -0.044599966577438165 0.9987851876207762 0.020952137920591286 0.9589748571826152 0.042590656455294626 -0.019052920954753107 0.9989109180418803 128.38287616646977 
0.9981221257985338 0.04433228226602076 -0.04227139266709665 -0.8252960137752319 -0.04348302414352495 0.9988375481608519 0.020803343444637412 0.9911802433158677 0.04314451541777843 -0.018926187097966212 0.9988895585752511 130.07417261249083 
0.9981286332114949 0.043736495775528336 -0.04273582106132717 -0.8993922943639177 -0.04288554597884966 0.9988669669278585 0.020630376247219948 1.0237189783420475 0.04358970185814498 -0.018759017948588516 0.9988733839374746 131.76633481717388 
0.9981139028411181 0.04385995802879034 -0.04295277565666404 -0.9840904876411996 -0.04297311828522732 0.9988479187268096 0.021357585577384926 1.0564754752013317 0.0438400349143044 -0.019471486025945353 0.998848793646614 133.63189732250606 
0.9980985168577018 0.04403247200895486 -0.0431334203724331 -1.0618273159921412 -0.04310788440587843 0.9988251483570961 0.022136698444342757 1.0883810694139768 0.04405748010223974 -0.02023521293681649 0.9988240458659938 135.33116963457397 
0.9980828225704236 0.044618179693056016 -0.04289402317761594 -1.147522243064766 -0.04362779043378055 0.9987653932364774 0.0237551109015755 1.1268415494939514 0.04390097726833758 -0.021838194052379793 0.9987971753378632 137.20191542168374 
0.9981663305195382 0.04314218451392593 -0.04245854965784102 -1.2223717546397603 -0.04218493290935915 0.9988406658820611 0.0231895605932704 1.1636892091840294 0.04340977583310593 -0.02135592495934413 0.9988290723742148 138.90084469029284 
0.9982300637831539 0.04195872931061572 -0.04214504372288589 -1.2967290294787739 -0.04100646535926512 0.9988892349725259 0.023211336691700023 1.2007334868328607 0.04307215018160946 -0.02144203224648291 0.9988418438968778 140.6009962701987 
0.9983210785824691 0.04013357732594812 -0.0417650566766697 -1.3770378401694428 -0.03927130445720636 0.9990022662905269 0.021265856844555744 1.238815244463206 0.04257686267503876 -0.01958998251550427 0.9989011179014837 142.47099115708582 
0.9983248534675249 0.04014731621371739 -0.0416614915753749 -1.4514024705925854 -0.03932357419355512 0.9990181161941185 0.020407354059032715 1.2695126750030954 0.04243988681844006 -0.01873488772393378 0.9989233504064831 144.17448227615884 
0.9982803587904655 0.0416383793624385 -0.04126221683372885 -1.5266224295234943 -0.04075527364701129 0.9989265381081319 0.022017702462902283 1.3009909290691275 0.042134706339344984 -0.02029818452548138 0.9989057263913335 145.87895367561293 
0.9982068925199252 0.04380772972976588 -0.04079071520514976 -1.610464428317785 -0.04284563134619204 0.9987893089787853 0.024169573004425706 1.3382474471206591 0.04180014583163209 -0.022378527727415592 0.9988753422148874 147.75460349301767 
0.9981365066149185 0.04565951660083706 -0.04048113878200444 -1.6862353457083537 -0.044704993495955025 0.9987075654897587 0.024179791561144092 1.3743575245962207 0.041532858602909103 -0.02232502095099767 0.9988876889196154 149.45504857917672 
0.9981037046015919 0.046854498846225445 -0.039920554606210745 -1.761158930086579 -0.04591573956090438 0.9986541443010073 0.024117318897185904 1.409214632193666 0.04099683361882019 -0.022238600876310296 0.9989117599882805 151.1550271598924 
0.9981380814326754 0.04617369456213985 -0.0398542370663622 -1.8404534500395648 -0.04529481692288384 0.9987161485629191 0.022681143855021884 1.4452364586767064 0.040850343782031256 -0.020833720530663482 0.9989480494435026 153.02521244031516 
0.9982098129235063 0.04432966581693922 -0.040150342643307635 -1.9100952648144414 -0.04338208790510605 0.998766073340664 0.02417282176017121 1.479798736164486 0.04117237460997329 -0.02238773950468442 0.9989012086623302 154.72536395194587 
0.9982494811292982 0.04270963518649728 -0.040912839071887 -1.9861624947047505 -0.04164827881306804 0.9987820976904752 0.0264526430399852 1.5190235211824081 0.04199279542294897 -0.024702384905058567 0.9988124935542667 156.5955086477232 
0.9982722517896948 0.041157520771829575 -0.041935303901280585 -2.0565098551909777 -0.04012341769564469 0.9988766473043349 0.0252102146626557 1.5577306562191637 0.042925787193834775 -0.023484067227031682 0.9988022203403217 158.28891923998984 
0.9982608759925231 0.040446628904875326 -0.042886986350011445 -2.130869851917306 -0.03941391365456218 0.998918665198851 0.02465854457925536 1.5917110244062995 0.04383796769140061 -0.022925313579612337 0.9987755816837232 159.98662324376295 
0.998223580243568 0.04008369689811371 -0.044079258313521365 -2.2150539450229214 -0.03898545943756214 0.9989143752470242 0.025499117085760446 1.631478939101053 0.04505350523248265 -0.023735366961551586 0.9987025653325551 161.85129662817738 
0.9982041513660248 0.03890693982187186 -0.04554911808219845 -2.2927501368305845 -0.03777972021631332 0.9989644369797974 0.025352445175610895 1.6677771539908002 0.04648833678384476 -0.023586080246189207 0.9986403413374549 163.5440955986896 
0.9982034840573989 0.03726805389910733 -0.04691371344775999 -2.371457916037658 -0.036090711652788765 0.9990180537481281 0.025698032921600833 1.7057109585975774 0.04782536405168025 -0.02395871380727458 0.9985683324502473 165.23479583391236 
0.9981343346761226 0.037251339975300814 -0.048375484926137795 -2.461992963894105 -0.03598882676928736 0.9989951192652029 0.026712471165634157 1.7460438374303888 0.04932195040316563 -0.02492165468936657 0.998471960708527 167.09645803254494 
0.9980519924919075 0.037593666249082114 -0.04978891910627155 -2.5478463827417177 -0.03635091450278634 0.9990102282211387 0.025635424783433093 1.783433515783794 0.050703370820813796 -0.023775611171279225 0.9984307129172696 168.78767587858016 
0.997937903767353 0.03905533830622022 -0.05093741931378846 -2.637389324734234 -0.03778569133203557 0.9989564787707171 0.02565531408303919 1.8206802580388755 0.05188624382747838 -0.0236777018901552 0.998372267310349 170.4778567260282 
0.9977929181863471 0.041559632460038444 -0.051788891271293755 -2.739095166243001 -0.04029981741277179 0.9988713700209743 0.025137839417825113 1.8609342576937733 0.052775161998172594 -0.022995272499568068 0.9983416247582344 172.3363501083464 
0.9976843217661308 0.04305240041095383 -0.05265439012149452 -2.8327046796777093 -0.04186278312035069 0.9988471632759234 0.023491528452230206 1.8974468836876914 0.053605056785821836 -0.02123286772871076 0.9983364479136709 174.02191127700877 
0.9975728628664967 0.04534829682142047 -0.05283857593375935 -2.9288613238207204 -0.044129981312268134 0.9987374519796809 0.024000976787277705 1.9324429164122106 0.05386027001147321 -0.021610955123630652 0.9983145986860738 175.71179550270577 
0.9974702572310918 0.047492852376470475 -0.05289153762632372 -3.0358927719539373 -0.04621743108589844 0.9986164581089159 0.025082240839488467 1.9714356288124129 0.05400958903027546 -0.02257427548222989 0.9982852129484525 177.56991608750135 
0.9974494580663249 0.048420818761503046 -0.05244046859568968 -3.131696178044984 -0.04716890785607732 0.9985776754874263 0.02485397965451359 2.0057725721660127 0.05356933316114972 -0.0223170261918411 0.9983147183623378 179.2598856245875 
0.9975215315714464 0.047734507642666985 -0.05169342968968425 -3.2340105085113895 -0.046474683708358736 0.9985988826066291 0.02530564328795615 2.0479908046873603 0.052828955405966334 -0.022840485483303894 0.9983423329203113 181.1153815566738 
0.9975609121075398 0.047251469671636424 -0.05137630870398791 -3.3254128522142232 -0.04598517227330214 0.9986151403130189 0.025557105019472337 2.0844100933691774 0.05251277234251814 -0.023132217783001355 0.9983522971606603 182.804872822895 
0.9976190894600925 0.046065153816301066 -0.05132400808932041 -3.415569788660161 -0.04481399752498986 0.9986757381809543 0.02526807731817798 2.120651094356392 0.05242002137524969 -0.0229078795368689 0.9983623442516678 184.4924152409702 
0.9976073617472601 0.04624389485600817 -0.051391184381281874 -3.517007281268244 -0.044964175447459 0.9986557624453939 0.02578548432627166 2.1590551416937687 0.052514525491289404 -0.023413023922712953 0.9983456590411586 186.3480840718721 
0.9975793373269185 0.04699418948302817 -0.05125438267031626 -3.6095668363149156 -0.04562530204066249 0.9985784000906445 0.027559224286486543 2.197269200599423 0.05247664469069649 -0.025154012974591716 0.9983053026937297 188.0361333303074 
0.9975130699483056 0.048430763766683475 -0.051206798767024435 -3.7027534767167336 -0.04701781565228629 0.9984888930039271 0.028447420515996743 2.2373455762212284 0.0525071519547781 -0.025969038816381275 0.998282829665488 189.72005827296917 
0.997411254953162 0.05027658462703495 -0.05141063459265495 -3.8059771399151736 -0.048905142905084346 0.9984221320831501 0.027595893734952904 2.281437271359557 0.05271694453525031 -0.025010207548871257 0.9982962552629102 191.57267769737012 
0.9973299207013834 0.051630619119220705 -0.05164598964959721 -3.900132228126401 -0.0503279783395731 0.9983886692799266 0.02621373384945741 2.3192503176655808 0.05291620404570213 -0.023544499998772266 0.9983213570152814 193.25410129358073 
0.9972869390615683 0.051961402958796386 -0.052141860136543754 -3.9949925598881015 -0.05073656040248203 0.998410370975659 0.024546542608627517 2.353416982617643 0.053334448591400414 -0.02183444504702966 0.9983379656293442 194.93408058799125 
0.997263356946658 0.0517893898731554 -0.05276036188839112 -4.097749955796813 -0.05054857879156586 0.9984188878716272 0.02458791794634229 2.392740492183277 0.05395033700875612 -0.021853665618378176 0.9983044517838918 196.7823345197468 
0.9972347144214904 0.05167866833410498 -0.05340636094599528 -4.191968049054169 -0.050418090644485415 0.9984230100783767 0.024688241465173608 2.426022639236066 0.05459799701859327 -0.02192732200667216 0.9982676250829422 198.45829946546738 
0.997213384934356 0.051587727317274304 -0.053890361800042856 -4.286130491649255 -0.05028221962216585 0.9984143561825066 0.025307547204063478 2.461570113785059 0.05511047166547271 -0.022527295060849273 0.9982261051015281 200.1335333412428 
0.9971706011999301 0.051594672959197514 -0.054669750493880905 -4.392826400984224 -0.05028374871041587 0.9984197656213847 0.025090165760818166 2.4969448712363342 0.055877880340397396 -0.022270172964120604 0.9981892114748662 201.97697384778849 
0.9971425124383546 0.05129878257347696 -0.055454887875107155 -4.48759205071431 -0.05004061944288033 0.9984625080882326 0.023844423340716465 2.5290529492802882 0.05659281832023501 -0.021001288684955037 0.9981764367169695 203.64567600323974 
0.9971115332344455 0.05094198150477233 -0.056333867313115314 -4.59264335825849 -0.04966325259813735 0.9984806951945315 0.023871800061552543 2.56330657845249 0.0574643578249061 -0.02100512150336397 0.9981265613549264 205.47758632129637 
0.9971039536211519 0.050166067298764314 -0.05715829917821627 -4.689364575439136 -0.04881652795416047 0.9985006193576265 0.024768122871909732 2.5968198840889833 0.058315118508291915 -0.021906120849539953 0.9980578484501416 207.14325776999488 
0.9970885312762686 0.0495683932764201 -0.05794337743421783 -4.786944765421786 -0.048130360713925256 0.9985037467780802 0.02595642921552369 2.6327147522859256 0.059143300046090294 -0.023092019408673052 0.9979823789657781 208.80739925308788 
0.9970563970379175 0.04913696151198649 -0.058856604923595346 -4.897820646403672 -0.04777257258433478 0.998560918304315 0.02436952813714179 2.6669484896272455 0.059969352146861554 -0.021486059855082718 0.9979689504555163 210.63419381973839 
0.9969657042014483 0.04990451486395011 -0.059740470667452576 -5.0012333872243095 -0.048596446066272884 0.9985501090358523 0.023153084743914018 2.6988419715712815 0.060809299114422226 -0.02017965438662661 0.997945394667384 212.2919415869953 
0.9968829206627167 0.05062372967013267 -0.060511819246067085 -5.105462310732553 -0.04922821168719755 0.9984910451116248 0.024335492129975548 2.7305152521027742 0.06165246519713187 -0.02128074520544664 0.9978707849537302 213.94896166820263 
0.9968261288642518 0.0509185594089317 -0.061196151013357354 -5.2200655935571865 -0.04949011521618862 0.998470716733916 0.024636487090503832 2.7689341946072874 0.062357021401696355 -0.021529686842892262 0.9978216646842876 215.76848294070376 
0.9967398010868445 0.051719132998004014 -0.06192656924029406 -5.326022839632527 -0.050251475174570986 0.9984229374580179 0.02502853143024133 2.802455956870766 0.0631233633468538 -0.02183502929727229 0.9977668427762649 217.42229390736924 
0.9966960394015234 0.05160217494221257 -0.06272336364712829 -5.434124320348609 -0.05008654985265228 0.9984192533781193 0.025501611593046092 2.8362628971381056 0.06394015478670849 -0.022275755655087808 0.9977050903774528 219.0764781430215 
0.9966221984639095 0.05184496989365417 -0.06368902875670299 -5.554639962407126 -0.05030294990045398 0.9984063079790387 0.02558236907898706 2.8732409479366825 0.06491384751185354 -0.022292208148310025 0.997641844506375 220.89478780410542 
0.996521081151123 0.052780846576689924 -0.06449741701158192 -5.665900632671301 -0.05117344823447635 0.9983427352873444 0.02632605736903404 2.9092212243641398 0.0657800416403958 -0.022933913102658677 0.9975705598125109 222.54647147680092 
0.9963710140126854 0.05435947322106484 -0.06549694519740697 -5.791117377350709 -0.05265685087856644 0.9982353595580499 0.027448555656828626 2.950088709484389 0.06687345802946414 -0.02390007942412062 0.9974751760654945 224.3633274042719 
0.9962406501076768 0.05545937710760937 -0.06654941224910398 -5.90665917607025 -0.05371202156683287 0.9981703584878499 0.02776606585248055 2.9878007187104134 0.06796754180213156 -0.024087177072560497 0.9973967220809064 226.01453848533106 
0.9962045360341395 0.05459244867047378 -0.06779518157304945 -6.021639498822979 -0.05277970175677272 0.9982065309712408 0.02824933342968492 3.0247076517667097 0.06921579574746652 -0.024563901623676693 0.997299247174246 227.666730330664 
0.9961544255019019 0.05314251913437413 -0.0696579710598769 -6.149102171483019 -0.05128292183113284 0.99828539667605 0.028219300599181034 3.06535670154856 0.07103818250735472 -0.024538513875257715 0.9971717194291024 229.47667295227257 
0.9961094086035465 0.05161498613494761 -0.07142785888620656 -6.26614969104235 -0.04982602559222699 0.9984034672379161 0.026606088982832263 3.102832648455904 0.0726870974617895 -0.022943606399613594 0.997090856878501 231.11797601404245 
0.9960767962451881 0.05004027418211516 -0.07298620881818414 -6.386422773623383 -0.04837919699516897 0.998532115204629 0.024352995017578517 3.1374881443506446 0.07409770665557558 -0.020726436495187205 0.9970355785022877 232.75926551381767 
0.9959440431580429 0.05029106860483259 -0.07460744629275719 -6.52279683738439 -0.04870494712007863 0.9985499698206153 0.02293002520940147 3.1714331020228066 0.0756524414112096 -0.019203267874188253 0.9969493180332281 234.55754890527533 
0.9958470191195404 0.05057405477024437 -0.07570323118858512 -6.649649127704017 -0.04890626518373864 0.9985215351284487 0.02372596205387612 3.200280022134081 0.076791227460769 -0.01992506378536098 0.9968480823755295 236.19626932835877 
0.9957206360929767 0.05289494044847714 -0.07577954754844067 -6.788362890079223 -0.051056245513691804 0.9983572701539557 0.026000406218089838 3.2364754594196166 0.07703035490123733 -0.022020119090145653 0.9967855531092082 237.9927095761849 
0.995653106252872 0.055580679774877 -0.07473740504611147 -6.908625530712349 -0.05349304113562876 0.9981278713149964 0.02965210450339474 3.271918141220805 0.07624557383205591 -0.025525275729232872 0.996762295060606 239.62364774439746 
0.9956021140980301 0.058065380425606265 -0.07351762811762014 -7.030389358482123 -0.05599111536044671 0.9979813677662804 0.029969732558768333 3.311367030734592 0.07510942964464014 -0.02572159193324168 0.9968435049519018 241.2504455833096 
0.9956307805620018 0.05898655970410235 -0.07238738985566034 -7.152644443330913 -0.05710067118665848 0.9979798164071649 0.027853180626059876 3.342392319933427 0.0738841199597857 -0.02359811250376772 0.9969875957045065 242.8727368803306 
0.995710098218707 0.05876326646257373 -0.07147222163418986 -7.291265483667908 -0.05719330235825848 0.9980789317529495 0.023819580413534287 3.36670245670855 0.07273463755762369 -0.019629661911084728 0.9971581363918184 244.66104062273615 
0.9959500296302568 0.05574101879167878 -0.07054414922309225 -7.409890480661811 -0.05434144736839618 0.9982886023028424 0.02160726314557935 3.3900961992859386 0.07162783354285472 -0.017686280964661044 0.9972746106419463 246.2833162164318 
0.9961844387746451 0.052518687666453616 -0.06970187310737197 -7.536782881131333 -0.0511291081097549 0.9984590029207209 0.021573918661982466 3.41089913609563 0.07072749914066806 -0.017927805191308807 0.9973345550840597 248.06730492182737 
0.9963674960484068 0.0501872256924056 -0.06879720160816566 -7.645832148253372 -0.04877150288622435 0.9985652849651014 0.02210683885394919 3.4338711806020124 0.06980798062464978 -0.0186711904179849 0.9973856990054386 249.67444842775436 
0.9965292874439575 0.04805608770014742 -0.06797051919056771 -7.756779907619438 -0.04662583514697536 0.9986595446162947 0.022475443957751456 3.4372818737019055 0.0689594921011061 -0.01922825352892421 0.9974341395802871 251.2764806386347 
0.9965444466860619 0.04774474962160438 -0.06796767204535807 -7.8818605417555085 -0.04629075168878693 0.9986675457887525 0.022810073050559848 3.4471750590896724 0.06896617191349091 -0.019584974556060022 0.9974267371524078 253.02438256921872 
0.9965456308836714 0.047066519104383864 -0.06842183957449845 -7.995745605208834 -0.04562449418321895 0.9987054974751987 0.022488552024865917 3.446735560656085 0.06939172766258161 -0.019289154035139387 0.9974029861370384 254.6059206427633 
0.9965636917657874 0.04603929342995738 -0.06885631057830292 -8.10539789539287 -0.0446283419775646 0.9987637625065263 0.021891960023435904 3.453100706331564 0.06977908068106307 -0.018743787178479514 0.9973863596581548 256.16694429328317 
0.9964205814897623 0.04793295638046607 -0.06963085700823046 -8.233063632367225 -0.04645510147980924 0.9986626119370278 0.022691654912559193 3.4478996984696626 0.0706254141495889 -0.019375721032582643 0.9973147108120596 257.87483639327 
0.9962056095149088 0.051626740566014406 -0.07006470554366495 -8.352438020827611 -0.04997216978725135 0.9984334754694048 0.025166992111118912 3.450593255114046 0.0712542397661903 -0.021570210677941383 0.9972249291961208 259.4151597375617 
0.9958053603413252 0.05817776901980433 -0.07061891505765709 -8.475394610788106 -0.05638580902224263 0.9980409127636282 0.027110463935383446 3.4564367031280905 0.07205779530604807 -0.023014837804441683 0.9971348913040639 260.93833733208936 
0.9955098819721984 0.06247159316717484 -0.07111522018104044 -8.605220052531608 -0.06071287627418255 0.9977999394587731 0.026631330901166605 3.4700994976279245 0.07262246663768598 -0.022194140763459286 0.9971125300294365 262.58917731543244 
0.9954763535567706 0.062039492190089716 -0.07195783847946077 -8.714087679007893 -0.060664630304654056 0.9979343314392921 0.021139372030816575 3.4859700568271426 0.07312067595033063 -0.01667844719327613 0.9971836321672247 264.0648266042611 
0.9955468419585802 0.05862617095145689 -0.0738204387819401 -8.82764150106293 -0.057491056477517254 0.9981941909966957 0.017410793049410327 3.4795358144676003 0.07470786397569446 -0.013089243305847417 0.9971195549705766 265.67339881850324 
0.9954547391804117 0.058168025095233666 -0.07540784265499519 -8.933845264952982 -0.05728953687497655 0.9982627351937422 0.013763019373380217 3.4700520843070946 0.07607740965673916 -0.009380381184620114 0.9970577898700441 267.1164756963514 
0.9955620515681161 0.05535692112800923 -0.07610395801048955 -9.03581632555095 -0.054397367717295746 0.998412245790167 0.014625799971710346 3.4668474061537444 0.07679276564644925 -0.010421035023092044 0.9969926144792239 268.54394848160484 
0.9955116348231817 0.05595511669081085 -0.0763256805009049 -9.1522958825442 -0.05401812975494548 0.9981690893817543 0.0272123298897883 3.477904035897808 0.07770860685703491 -0.02296721764825684 0.9967115327115721 270.09976943889535 
0.9955103056588478 0.05497182959728687 -0.07705406505549944 -9.258130889741478 -0.052516309331566126 0.9980566269368079 0.033541123207422516 3.495666759240296 0.07874813995234937 -0.029343935112478667 0.9964625753123065 271.49006903916893 
0.995887050563584 0.04621880654950505 -0.07792819892819308 -9.360135668839025 -0.04380803017068806 0.9985154945885782 0.032367634042754855 3.5097394854526622 0.07930851031598919 -0.028820623183750723 0.9964334056769861 272.85556497863905 
0.9958436461422459 0.044799522791710754 -0.07929965288750461 -9.478676586152265 -0.042644704865083455 0.998679084200051 0.02866210160273856 3.512729298466277 0.0804789560539049 -0.02516125836268874 0.9964386829192177 274.3330440000368 
0.9958219745412683 0.04252800711326246 -0.08080818890547985 -9.584153744950145 -0.04089335841412554 0.9989261496836821 0.021777988980751596 3.518719068812289 0.08164759039386146 -0.018382479421129222 0.9964917237902332 275.6494119395853 
