0.9999999999999999 -6.497537243392931e-19 -1.0713430554868749e-17 -5.551115123125783e-17 3.1253964886194886e-18 1.0000000000000002 -6.836247431414228e-19 -2.220446049250313e-16 1.1386115248549157e-17 2.4712556123501597e-18 0.9999999999999999 -2.220446049250313e-16 
0.9999989071279219 0.0004868001241036049 0.0013959840362111084 0.013171902358617149 -0.000485965219920609 0.9999997028905455 -0.0005983762924683604 -0.02530274600596849 -0.0013962748586679743 0.0005976971728815643 0.9999988465864439 1.6902320820186683 
0.999995703497263 0.0005893253157886208 0.0028715301982577884 0.027585552719245787 -0.0005882333063494306 0.9999997543580164 -0.00038113241012631145 -0.0498968018297018 -0.0028717539987465636 0.0003794415938993004 0.999995804518011 3.23743225395649 
0.9999896616691596 0.0009938544764567117 0.00443720785265206 0.04395804429568917 -0.0009971894496923954 0.999999221980924 0.00074942801196395 -0.06902178132744641 -0.004436459420574075 -0.000753844939838414 0.999989874723025 4.781483567824916 
0.9999761327327613 0.0017314853620947943 0.006688492626592915 0.052353648756041093 -0.0017370577259458993 0.9999981490197465 0.0008273897386672929 -0.09084740690828474 -0.0066870473948878574 -0.0008389882270394718 0.9999772894917699 6.469698583000346 
0.9999545957143584 0.0023785195592819393 0.009227630756418892 0.06656967865581975 -0.0023817947557713106 0.9999971043656737 0.00034394262147481174 -0.11197343375156144 -0.009226785630748005 -0.0003659053229767729 0.999957365362526 8.000074702396402 
0.9999192185722234 0.002938992301717422 0.012366029019292282 0.08515425070441268 -0.0029583723190693607 0.9999944240082345 0.001549181187697982 -0.13656348739881308 -0.012361406594383213 -0.0015856392426714277 0.9999223376737649 9.683352561720563 
0.9998896039516048 0.002147717493795208 0.014702626778144863 0.10872315317721132 -0.0021868267644257556 0.999994112312373 0.0026444488829930534 -0.17226553495711872 -0.014696860162598892 -0.002676308823435818 0.9998884136126044 11.211224427178237 
0.9998621371343657 0.0014471348322480284 0.01654123747404205 0.1354117744181284 -0.0015026902345786463 0.9999932708705144 0.003346658088922327 -0.21090739959900584 -0.01653628251362771 -0.0033710527803806306 0.999857583542711 12.737949818895027 
0.9998307182148354 0.00014125574818718637 0.018398776159596644 0.16338816752777519 -0.00020582242844611006 0.9999938277130103 0.003507444471050239 -0.2572983422033588 -0.018398166495377205 -0.003510637313517399 0.9998245760623223 14.416251185511491 
0.9997974449069915 -0.0007029467903669074 0.020114050361832017 0.1948279604429144 0.0006343713774952056 0.9999939659214367 0.0034155078083825904 -0.29345227068734525 -0.02011632919382994 -0.003402055927700404 0.9997918579967606 15.939170508138478 
0.9997605219411427 -0.0013622817131052256 0.021841312965545832 0.22784657679214304 0.0012760900545318876 0.9999913460608216 0.003959722434596669 -0.3305652417459837 -0.02184651742967237 -0.003930902363788705 0.9997536084871762 17.4622418324574 
0.9997212755653724 -0.001480731599241473 0.02356222851218873 0.2714143545795885 0.001442998975835171 0.999997649385173 0.0016183281985009193 -0.3703379237509761 -0.023564568585201586 -0.00158387678319768 0.9997210623154191 19.13048233700952 
0.9996810966484115 -0.0005012751506942306 0.02524784610425292 0.3167983379562419 0.00046696184840065935 0.9999989594475354 0.001364936523025093 -0.4264898397746526 -0.025248503129213826 -0.0013527114126331177 0.9996802905201657 20.644632666902552 
0.9996336788668813 0.0006484472090350017 0.02705711750839702 0.36777987943213075 -0.0007275760262333782 0.9999954873728264 0.00291476546245373 -0.4722131547638073 -0.02705510436727046 -0.002933383630460991 0.9996296397071165 22.309672751039432 
0.9995994003993859 0.0005381549814671237 0.028297510986311822 0.41716191456276375 -0.0006301541144853411 0.9999945451157766 0.003242319449489503 -0.5122478799837706 -0.028295610741450386 -0.003258852140018964 0.9995942868418928 23.818749508855998 
0.9995682553360783 0.00037406051126011406 0.029379636166007483 0.46646227334947454 -0.0004197902014476 0.9999987100834576 0.0015503554890432885 -0.5491965983737939 -0.02937901728144522 -0.001562019361319692 0.9995671230219766 25.320924390790005 
0.9995359627171556 -0.00016074249674852834 0.030460358057398232 0.5234295623069819 0.0001885269077058613 0.9999995688345493 -0.0009092806748902769 -0.5961987863050218 -0.03046019765462518 0.000914601128395638 0.9995355620709776 26.967755040231093 
0.9995074265691096 -0.000655461973859663 0.03137633848647786 0.5773769359782402 0.0006915268687495202 0.9999991127030574 -0.0011385916014713734 -0.6390443371610119 -0.03137556319902324 0.0011597281106794622 0.9995069929937883 28.466579671986775 
0.9994850956004298 -0.0003513133427547299 0.03208457992578469 0.6227058890672842 0.00033897779068865823 0.9999998665337293 0.00038990818136485576 -0.6883431730929541 -0.032084711459835026 -0.00037883153323586165 0.9994850813083306 30.117543875132952 
0.9994575850781051 -0.0007787143379763764 0.03292308080545008 0.6611625486718928 0.0006811445783147281 0.9999953436508906 0.0029746797029347695 -0.7174556326595478 -0.03292524274465661 -0.0029506406321999075 0.9994534616946554 31.61605449545509 
0.9994231104489308 -0.0009424570602608478 0.03394934597185181 0.705592817803622 0.0007831270455033278 0.9999886193135835 0.004706161407488918 -0.7467873179946019 -0.033953393743710654 -0.004676859466571772 0.9994124744180063 33.10719100249663 
0.9993945504221216 -0.0015757770147657871 0.034757006875304364 0.748030171046857 0.0014352958988051586 0.9999907021590853 0.004066389832299536 -0.7775335535313463 -0.034763090185128395 -0.004014040965051769 0.9993875199426598 34.74301509537383 
0.9993648549627608 -0.0023986812120585384 0.03555464811731718 0.7952819922377371 0.0022966787591937143 0.9999931301374515 0.002909459987344412 -0.7993300061573856 -0.03556138144606307 -0.0028259542937179223 0.99936349848796 36.21915372732072 
0.9993396306562247 -0.001683460097462848 0.036296949980597494 0.8427254843160518 0.0016261587856517292 0.9999973847357491 0.001608147604981538 -0.8271663363613528 -0.036299560993235586 -0.0015480610029840593 0.9993397547148131 37.69427356482268 
0.9993001933195411 -0.0013138929678718 0.03738177815134838 0.9020375032984399 0.0013142390561636948 0.9999991362749974 1.531606486986351e-05 -0.862657843834026 -0.03738176462911788 3.3823107484021715e-05 0.9993010569886488 39.31009254360301 
0.9992258341251439 0.0003724327540708811 0.039339468073749884 0.9509823739335302 -0.0003305463674468425 0.9999993715888206 -0.0010712425686401563 -0.8873702033752795 -0.03933984088650905 0.0010574094810897059 0.9992253293262054 40.77154854043311 
0.9991095066352036 0.0014605099520176462 0.0421670572120442 1.017818605509639 -0.0014105696432191147 0.9999982681507342 -0.0012140761762031627 -0.9235040232982548 -0.04216875582158233 0.0011535152090589096 0.9991098364999167 42.37491775448665 
0.9990132993133128 0.0018877464877217374 0.04437188602155254 1.092149819943581 -0.0018474198551180758 0.999997842427038 -0.0009498261451688761 -0.9654686743072656 -0.044373581704503166 0.0008669151997566429 0.9990146313520183 43.820365646251844 
0.9989418044737693 0.002012356813700267 0.045948033262578444 1.1705899971150346 -0.002013101055874183 0.9999979732504762 -3.0079845956536136e-05 -1.0114344270095639 -0.04594799900272721 -6.245017747246244e-05 0.998943830971465 45.26346358649775 
0.9988461244431894 0.002332337488658209 0.04796853094065997 1.2596266196283006 -0.002384892803325218 0.9999966169775304 0.0010384128302769273 -1.0615724857294384 -0.047965944997803066 -0.0011516144900738684 0.9988483077270508 46.8457186368143 
0.998730120514816 0.0022940660250404424 0.05032776289834473 1.3417809801560918 -0.0024078790780162245 0.9999946790118022 0.0022009193628840505 -1.100206250632454 -0.05032244423421799 -0.002319307571863846 0.9987303301483582 48.28160570856427 
0.9985892420921527 0.00267597992415576 0.053031733908723656 1.4258284097025298 -0.0028429051964855043 0.9999912388913584 0.003072459299014268 -1.1362145209579952 -0.05302304554177744 -0.003218888856403742 0.9985881009346799 49.714317375093884 
0.998434780172132 0.00264331114693972 0.055865935509450716 1.52767477553407 -0.0027875590327736733 0.9999929790506703 0.002504264486175685 -1.1748291053882114 -0.055858921711516095 -0.002656074284251773 0.9984351386326863 51.27686664350289 
0.9983099716865048 0.002873853193161467 0.05804258359197802 1.6159819497232562 -0.002980155019900063 0.999994036860008 0.00174496325235878 -1.2067925813828786 -0.05803722061031182 -0.0019149901246525158 0.998312583186982 52.698423651043214 
0.9981873317228926 0.0017820037515469253 0.06015708904147649 1.7275058049206113 -0.0018529287604763238 0.9999976524939304 0.0011232304368349758 -1.2368280211328497 -0.06015494404376455 -0.0012326612833448668 0.9981882904326675 54.25474387214954 
0.9980868185693929 0.0011368804330756704 0.061817555874259265 1.8275577227588293 -0.0011802493655420241 0.9999990823542731 0.0006650507314353628 -1.2607756898194213 -0.061816740824044224 -0.0007367386468249698 0.9980872445163655 55.67085371213721 
0.9979935945665188 0.0016685166294590826 0.06329298049080984 1.9281345981250149 -0.0016619370788836494 0.9999986067134372 -0.00015660373988462094 -1.2858670611478833 -0.06329315130502064 5.11003456197345e-05 0.9979949770791828 57.08599306301014 
0.9978718672314626 0.0022228028664105413 0.06516744486243976 2.0392784102537327 -0.0021492165893046023 0.9999969712946967 -0.001199273288105602 -1.3135762645135385 -0.06516991086972469 0.0010566617799736768 0.9978736222897632 58.641584361205254 
0.9977498801039257 0.0032858416623711114 0.06696551460635004 2.1379440698564514 -0.003139158701806369 0.9999924380565557 -0.0022955380048196366 -1.3248403346869044 -0.06697254855520085 0.0020801569387814195 0.997752649986673 60.04919618615483 
0.9976199353686733 0.003850395483510915 0.0688450373733766 2.2437244050149867 -0.0037751356038136213 0.9999921259575887 -0.001223253782566269 -1.3439501731742323 -0.0688492027958261 0.000960442663130961 0.997626615867445 61.6025933538165 
0.9975251934238293 0.0030373483710761304 0.07024431052994692 2.3440799412552202 -0.0031030083782879595 0.9999948448093066 0.0008256334465912598 -1.3544463011842232 -0.07024143812721766 -0.0010415589930491893 0.9975294759483087 63.013220177601966 
0.9974286626328417 0.0017201372080150128 0.07164568546781135 2.448012004727771 -0.0018561305217383492 0.999996599996481 0.0018316000953798079 -1.3645274308824904 -0.07164228867664216 -0.001959874234198475 0.9974284642131019 64.42322150659882 
0.9973005528925591 0.0016344461495570992 0.0734093723813897 2.560034105421101 -0.0016968746663616105 0.9999982497851154 0.0007880543496435987 -1.374900288260808 -0.0734079532066623 -0.0009104937133590832 0.9973015808937489 65.97174309392905 
0.9971176538748638 0.002426069380465379 0.07583204272023943 2.660443178602589 -0.0024149247829826333 0.9999970555763262 -0.00023866348150544778 -1.3833988796696879 -0.07583239570169437 5.4846613979908916e-05 0.9971205767538985 67.37994707375341 
0.996870876485377 0.004231226220158257 0.07893384921810932 2.7589445459246886 -0.0042011056972871864 0.9999910253368444 -0.0005476571508811868 -1.3917548783365477 -0.07893545521196556 0.00021433371605499184 0.9968797057756931 68.78974794586934 
0.9965902453841415 0.005155897510576585 0.08234864760629222 2.8686374820713567 -0.005051976472498333 0.9999861577839206 -0.0014702863901691564 -1.4091595171450448 -0.0823550853752908 0.0010492492426655807 0.9966024978819341 70.3403368292166 
0.9963702037907366 0.00550305647542715 0.0849478288160444 2.9815331528809925 -0.005312685495421167 0.9999828446327619 -0.0024669376153951973 -1.4212654667568607 -0.08495994411488676 0.0020066815282151155 0.9963823467444171 71.74675653074864 
0.9961659366991304 0.005483132036128115 0.08731186683323551 3.1039154112570406 -0.005172428303857223 0.9999794619275947 -0.0037843996453569223 -1.4407358243035464 -0.08733082080080025 0.0033182749956089034 0.9961738385194568 73.3034593905652 
0.995984210853626 0.004827411976059143 0.08939881486034149 3.2219519527793388 -0.0045547559944512095 0.9999843338715025 -0.003253641717044585 -1.467128507008224 -0.08941311774371671 0.0028333853813234736 0.9959905953637632 74.72057165757353 
0.9958208054080308 0.004095910432262336 0.0912367651502543 3.3420815093439282 -0.0038997818817904633 0.9999896863657154 -0.002327840363854037 -1.4865290052557607 -0.09124535547703921 0.0019623078557936013 0.9958265080793991 76.13297260369121 
0.9956341758763327 0.0031175305214950176 0.09328916934748134 3.480876983690146 -0.0029852550642549608 0.9999943313095576 -0.001557428272160995 -1.515424584320935 -0.0932934924613742 0.0012721363854234793 0.9956378386062198 77.68425613686773 
0.9954920477432214 0.0022338402651431682 0.09481873827682867 3.6095784756494083 -0.0021016073971381866 0.9999966749562779 -0.0014944265098736165 -1.5437404380717457 -0.09482175786532784 0.001288417473868072 0.9954934323927773 79.09275464211439 
0.995347814495082 0.00197426847511096 0.09632668759215168 3.7478397684787765 -0.0017361925873363093 0.9999952280179918 -0.0025553021797155412 -1.5662478004509683 -0.09633126927124745 0.0023761721716305875 0.9953464924713863 80.49189624656637 
0.9952273589014292 0.0020519348907689586 0.09756174436975423 3.9014380120318366 -0.0018021403967069065 0.999994869044657 -0.002648427228099948 -1.5901815860368775 -0.09756667463571787 0.002459966674489312 0.9952259503574432 82.02874014750195 
0.9951090678195663 0.0021467765095431763 0.09875897331180289 4.040770622259287 -0.002087257651884232 0.9999975724593511 -0.0007059867688845845 -1.6130108990860221 -0.09876024558091231 0.0004963980087234953 0.9951111330799622 83.4250622509096 
0.9949758654261948 0.0019180910930154242 0.10009669559505993 4.197276977408617 -0.002163009127179131 0.9999949267521364 0.0023383418584582657 -1.6343202394844116 -0.10009169900449325 -0.0025431038789483365 0.9949749665739415 84.95594769355016 
0.9948589542415831 0.0011142811446723925 0.10126410947803086 4.343829817411097 -0.0014948060649283914 0.9999921043860679 0.003681943058250047 -1.6555730351954954 -0.10125920355511102 -0.0038143841985742114 0.994852764914856 86.34344039282527 
0.9947690955081754 0.0008289462833537616 0.10214577719845565 4.489799720047567 -0.001157741453827681 0.9999943381388522 0.0031596379887017254 -1.6768415272940573 -0.10214257599783504 -0.0032613686574682545 0.994764423029986 87.72744322809255 
0.9946412100046076 0.0003751072141640663 0.10338628047354402 4.654473173155229 -0.0004874316893414051 0.9999993181394944 0.0010611906790842912 -1.6931009556413996 -0.10338580816946982 -0.0011058979877226636 0.9946407146950184 89.24212299540446 
0.9945363278600514 0.0014211920703319349 0.10438138305731556 4.806045136193667 -0.001347923714085926 0.9999987931912168 -0.0007724697468142473 -1.7058943193507288 -0.10438235112633129 0.0006275506463542148 0.9945370433586534 90.61589292671765 
0.9944225131253255 0.0020517843438472667 0.10544977919174726 4.9638805120025005 -0.001829842296186457 0.9999959026890434 -0.0022014253431896476 -1.718555578985017 -0.10545386014732569 0.0019961898753099593 0.9944221931622881 91.98654663948146 
0.9943019649380724 0.0028659701007050227 0.10656166810893293 5.13731846697692 -0.0023918518498182353 0.9999866659767963 -0.0045767790430007995 -1.7457442707242894 -0.10657336024263654 0.004295819853219587 0.9942955619184994 93.49261964258126 
0.9942113458031506 0.002454259777720062 0.1074140440684258 5.302700851605068 -0.0018220061901677834 0.9999804365412198 -0.005983880786388335 -1.7747378373169354 -0.10742662475693827 0.005753532145278811 0.9941963673149745 94.85868757340278 
0.9941342597352274 0.0022254243742719708 0.1081301136993244 5.479497537933898 -0.0015083626818349755 0.9999763312308199 -0.006712810556802809 -1.8136527246575938 -0.10814248929665742 0.006510334474213903 0.9941140865950803 96.35879664733588 
0.9940392725363403 0.001854437500666724 0.10900681677077503 5.645860241488618 -0.0012507093214269693 0.9999835009858297 -0.005606557432094841 -1.8572889995124 -0.10901541129989734 0.005436801484681334 0.9940251912800245 97.71886267241938 
0.9938436321635177 0.0027096920709528045 0.11075871424500743 5.804675373771649 -0.0022501655698097026 0.9999883361066368 -0.004273686797675124 -1.8831126110730505 -0.1107689987086123 0.003998150160570687 0.9938381373859771 99.07425981380833 
0.9935019285744079 0.0028770542960352935 0.11377891239555542 5.981503163847786 -0.002537604525121573 0.9999918876151352 -0.003128139320912343 -1.9036740249026463 -0.11378698506507162 0.0028190858711717947 0.9935011697868441 100.55912208168056 
0.993227173852046 0.00275268075109776 0.11615594826225754 6.148726658666616 -0.0024470547955570323 0.999993159246219 -0.002773692811671444 -1.9168558638675415 -0.11616278453493577 0.002470666435355035 0.9932271154484712 101.90089277540264 
0.9930610838577668 0.0008359003501450786 0.11759670676713103 6.33575281711214 -0.0004931627416700447 0.9999955460354153 -0.002943586630390504 -1.9333514513051173 -0.11759863926152193 0.002865166302546118 0.9930570730924058 103.36621056304242 
0.9929882485850071 -0.00017050037787794115 0.11821298382277282 6.503959194216199 0.00048426738384140395 0.9999964360268628 -0.002625533744110173 -1.95418260631331 -0.118212110558855 0.002664370151903809 0.9929847922287449 104.68855254978014 
0.9928710889944471 -0.0006413978311128211 0.11919139941699133 6.671555806659373 0.0009490073826115057 0.9999963642450594 -0.0025240629161442834 -1.973963081433081 -0.11918934280055458 0.0026191819206029606 0.992868087909822 105.99854210864065 
0.992721442454791 -0.00013326102944500787 0.12043305357284201 6.853462060935829 0.0004041597650820451 0.999997443126854 -0.002224949871474507 -1.9985772213266007 -0.12043244476110818 0.00225742897949973 0.9927189581120482 107.42254043368389 
0.9925986797808545 0.0014767901876724466 0.12143179348218693 7.014922515080148 -0.0011692826941941635 0.999995927095453 -0.0026035681831759207 -2.0257786790430363 -0.12143513940973395 0.0024423095637859764 0.992596363867751 108.70218572908138 
0.9924469383475415 0.002165933741244926 0.12265554936779301 7.1771158644160735 -0.0018225711025442706 0.9999941005731803 -0.0029115367600678326 -2.0457627593999006 -0.1226611275050143 0.0026659965736948923 0.9924450311092697 109.9627500309563 
0.9921681845100377 0.0033953799627528306 0.12486298716131715 7.35172233689983 -0.0031086114086668385 0.9999920646027005 -0.002491435281577405 -2.0811242438880284 -0.12487045115530947 0.0020837716558550186 0.9921708662418226 111.33438751275744 
0.9918959272304353 0.003471953796474506 0.1270055731900468 7.511678820920042 -0.0033309024251960873 0.9999935774015364 -0.0013229602207246627 -2.1168137192996026 -0.12700934612985493 0.0008891951396415045 0.9919011214873255 112.56273751651077 
0.9916770831431864 0.0016729817724737506 0.12873913330711348 7.689233849813152 -0.0018829997354097667 0.9999970876280706 0.0015096461759595296 -2.1467113105955278 -0.12873622809477642 -0.0017394975519328137 0.9916773453074026 113.89410410165948 
0.991490922004327 -1.023186971768852e-05 0.13017585038544022 7.8515649427242105 -0.00034078615152237547 0.9999963662124474 0.0026742139680992795 -2.1672718610281465 -0.13017540000058947 -0.0026958211894478373 0.9914873157251681 115.08380905171128 
0.9913141621364573 -0.0014025575280796237 0.13150766261877894 8.013154542167147 0.0012925140131959643 0.999998739537344 0.0009221383988491055 -2.185397669617366 -0.1315087854378666 -0.0007441537512613723 0.9913147255198487 116.25555349785087 
0.9911448780009686 -0.0012127017420160893 0.13277936860521797 8.189033092435055 0.001396945136498678 0.9999981864833198 -0.0012944446785260542 -2.2044069370551953 -0.1327775532055596 0.0014684670820810444 0.9911447746904758 117.5218535696014 
0.990916310966996 -0.0008297718089712122 0.13447742084408051 8.347378691369913 0.001162107382616747 0.9999964619218842 -0.002392835845216187 -2.227466315866575 -0.1344749546527324 0.002527376533997177 0.9909137693801573 118.6567910847919 
0.9907004871434741 -2.8345764309624726e-05 0.13606081202575673 8.504572201633485 0.00042790981842274675 0.9999956819163184 -0.002907413095375388 -2.2520948774384633 -0.13606013714053355 0.002938596541906748 0.9906962214138866 119.77671474533945 
0.9904650017837778 0.000539072953963874 0.13776353022724108 8.676444850974551 -3.778611444095e-05 0.9999933695917186 -0.003641339338845024 -2.283014892588653 -0.13776457473206044 0.003601412767358308 0.9904584550342039 120.986685854184 
0.9902664891225782 0.0005018604200186299 0.13918343755308538 8.832447069247907 6.0401405022648e-05 0.9999918556543501 -0.004035465984534798 -2.3123087139155762 -0.1391843241683441 0.004004592702648628 0.9902583938053147 122.07015501554059 
0.9900752290946573 0.0008139090418429671 0.1405360414005131 9.001797541311591 -0.00024008872260841262 0.9999915661833851 -0.004099991044742781 -2.3454509959079997 -0.14053818804875837 0.004025557542434692 0.9900670744611648 123.24926063836062 
0.9898926503080255 0.00015797714742153476 0.14181860443760907 9.158891411474745 0.0004534625011144915 0.9999907418285962 -0.004279093527745559 -2.362249902766026 -0.1418179622912586 0.004300151707660644 0.9898834141448292 124.30696944283602 
0.9897524793787861 1.9558630055610666e-05 0.14279366178114347 9.31498261301128 0.0006765039617944086 0.9999881257053786 -0.0048260549403340135 -2.3784382918730875 -0.1427920553961314 0.004873199314269336 0.9897407136036568 125.3520697625933 
0.9895675567939635 -0.00014013907960668627 0.14406953729791902 9.48523039957804 0.0007473910997031088 0.9999910642014386 -0.004160881905768727 -2.412124214974239 -0.14406766157335046 0.00422514908670503 0.9895588190270422 126.49464471497788 
0.9894181787628469 -0.0001688195739176816 0.1450918320200395 9.641781451870163 0.0005940120210639739 0.9999956556388112 -0.0028871895321413463 -2.43490010723362 -0.14509070899620954 0.002942823283524925 0.989413980727258 127.52332770745723 
0.9892332678521139 1.909223863216158e-05 0.14634733379673065 9.81367879777606 0.0002611712738796862 0.9999981687839258 -0.0018958438496515238 -2.4484210940499964 -0.14634709667905407 0.0019136528095579858 0.9892314514418235 128.64393006170948 
0.9890787203056605 0.0007433301737962288 0.14738633998297554 9.973339143146434 -0.0004897560800024572 0.9999983369720932 -0.001756756056940756 -2.4555136540514817 -0.14738739536895776 0.001665385981707302 0.9890774395674311 129.6535107540812 
0.9889401631748592 0.0010263256855339666 0.14831150003100588 10.1318501472091 -0.0007351275632222316 0.9999976931686587 -0.0020182277950192137 -2.4639750761816446 -0.14831322387000662 0.0018868779326765635 0.9889386364138927 130.65277588360522 
0.9887773668087192 0.0006156782120228692 0.1493952494615555 10.306704221972694 -0.0001261727542244125 0.9999945930083076 -0.003286037195547152 -2.4594614566212165 -0.14939645938905663 0.003230308733670998 0.9887720982547537 131.74286068432505 
0.9886432753190141 0.0004698288922605497 0.15028058480721765 10.46015968358509 0.0002241933341677707 0.9999893892871751 -0.0046012022507014826 -2.457690328876117 -0.15028114652838936 0.0045826385660333955 0.9886326798500292 132.73100886535522 
0.9884636601909106 0.0002595865124293995 0.15145800028510922 10.635272986976604 0.0004824246499444649 0.9999880623114646 -0.004862356974615839 -2.4641450636500997 -0.15145744891250604 0.004879329207722323 0.988451735062231 133.8142292748143 
0.9883402560328188 5.332253183304591e-06 0.15226141676987484 10.79530663064925 0.000740051001429917 0.9999880193587559 -0.0048387477329202 -2.475236312982456 -0.15225961283603426 0.004895009345390148 0.9883284112106427 134.79470849486603 
0.9882057643960747 -0.0007496820745566032 0.15313002956737404 10.956352760682694 0.0015070800895815542 0.9999871993649879 -0.004830097057159175 -2.4887982442463668 -0.1531244427902618 0.005003907917010512 0.9881942446400764 135.7716164454608 
0.9880771474453969 -0.0012148954621868631 0.15395478392965617 11.132823478088477 0.002066271290195801 0.9999834458850064 -0.005370149569422452 -2.5027587011566417 -0.15394570556325646 0.005624233295465224 0.9880633010801135 136.84180382224167 
0.9879578047229471 -0.0010741943759814978 0.15471982087718816 11.291782164190314 0.0020866363780483845 0.9999774612064223 -0.006381462088963668 -2.5205640390210386 -0.15470947310615266 0.006627458055469759 0.9879377788714825 137.81129925723897 
0.9878122632094966 -0.001027205502556358 0.15564664561400676 11.468967075902967 0.002134897034024913 0.9999735715303175 -0.006949711381305347 -2.532612461082916 -0.15563538765161333 0.0071972984013909495 0.9877883498930428 138.8706409568302 
0.9877189028916991 -0.001216240768353739 0.15623664878305527 11.629201770133317 0.002350173819400954 0.9999722223870843 -0.007073271661568384 -2.5437253188245874 -0.15622370040046482 0.007353586100054086 0.9876943248676497 139.83040431322027 
0.9876375032135083 -0.001210396200694606 0.1567504321747967 11.790695374040443 0.002348428379957197 0.9999722131683446 -0.007075154421184038 -2.56083793797693 -0.1567375071181592 0.0073558037018942625 0.9876129024976263 140.78619171872705 
0.9875678143504693 -0.00029134335995077096 0.15719328226449966 11.963854311591295 0.0015546378997952721 0.9999674779051212 -0.007913675794260557 -2.589512338374148 -0.15718585867588283 0.008059668759662473 0.9875361495810171 141.83126306009515 
0.9874612467961962 3.374089250720158e-05 0.15786160317758757 12.120858539070257 0.0012903211217993394 0.9999648463911808 -0.008284991494157661 -2.6248282331625306 -0.15785632755337656 0.00838479877381975 0.9874264905042531 142.77605071827912 
0.9873909964483603 0.00035267281054727725 0.15830002079007913 12.291949347928197 0.0007880217752490372 0.9999741774002816 -0.007143079001389118 -2.647605043010382 -0.15829844646834473 0.007177754460466933 0.9873652216053436 143.8028687417683 
0.9872376744802432 0.0006150015633368021 0.15925261912988814 12.447526269016086 0.00015420481312879503 0.9999883829283593 -0.004817700801558565 -2.6681142303181384 -0.15925372617548228 0.004780772201659775 0.9872261109111508 144.72671975397407 
0.987070511288915 0.0003883410508788842 0.16028616841382132 12.601606573737183 0.0001874594014213309 0.9999935842611793 -0.0035771922370981873 -2.6915363789076707 -0.1602865233982781 0.003560987186116189 0.9870641057847199 145.63977840748836 
0.986887595546471 -0.0007393662891873871 0.1614073354852166 12.77356352663532 0.001158862876834462 0.999996191335927 -0.002504868047596509 -2.7211929204084977 -0.1614048628537945 0.0026590713281459317 0.9868846937301816 146.63122485610745 
0.9866969829989348 -0.0016944860303021421 0.1625613524752729 12.928500180655176 0.0020480414034757042 0.9999958880400985 -0.0020073485786719827 -2.747764678632849 -0.16255727669392586 0.0023135763522227175 0.9866963962023009 147.51752811605283 
0.9864776323564025 -0.002678515016827348 0.16387405922336906 13.100460582096538 0.002917293737298491 0.9999950048317141 -0.001216442700443116 -2.766547793964686 -0.1638699764272657 0.0016780615270916368 0.9864805188358926 148.47459697771356 
0.9862868877732599 -0.003696119389727036 0.16499852902969125 13.252603973266195 0.004032834997936593 0.9999904132791373 -0.0017057623710140413 -2.78641329930217 -0.16499063653184262 0.002347782075499015 0.986292338441604 149.3296593668962 
0.9861107685390093 -0.004325582151386151 0.1660326545944309 13.402297365462653 0.004661268165499152 0.9999878042081544 -0.0016321925056232479 -2.8080551934621902 -0.16602356347216193 0.0023834444988406352 0.9861189049221073 150.1708809498806 
0.9859180683127569 -0.0058175511668414675 0.16712785391890975 13.564508131500403 0.006108875241331438 0.9999805853493635 -0.0012290714677001282 -2.8305810353905145 -0.16711745292364627 0.00223272615278694 0.9859344658396518 151.07910313559475 
0.9858041575315334 -0.00620746364729228 0.16778447865032037 13.705763165996705 0.006453151592270989 0.9999787558394784 -0.0009191058020858441 -2.853930186929274 -0.16777520279056113 0.0019887961955659885 0.9858232727419811 151.8893457377107 
0.9856504848882 -0.006006613092742879 0.1686921549400899 13.855277764736057 0.006188294381760532 0.9999807003849301 -0.0005512882146001299 -2.8812166466339386 -0.1686855817365544 0.0015872934476713417 0.9856686329927534 152.76257294104954 
0.9855272250943422 -0.005494849655813896 0.16942814446598992 13.987855001031603 0.005697878317174323 0.999983513412738 -0.0007121307071797784 -2.9024084715542044 -0.16942143196147763 0.0016672043768215415 0.9855422861880968 153.53644568049415 
0.9854100317344799 -0.005484865147291072 0.17010874913294005 14.117757464776506 0.005753197908911996 0.9999828621329625 -0.0010845275884472 -2.924009872909986 -0.17009987915673558 0.0020473728503788867 0.9854246995124326 154.29221943177163 
0.985290320289204 -0.004739625389436151 0.17082307112875966 14.257520382527547 0.005036989682574467 0.999986459635125 -0.0013074104113290266 -2.9468128547381665 -0.1708145552732644 0.0021486120423647287 0.9853008526324101 155.09776466211025 
0.9851405374452857 -0.004252074571654506 0.17169753140976518 14.379624116325258 0.004589228669865188 0.9999882420555622 -0.0015667700766199488 -2.9732843152980477 -0.17168884433130885 0.00233144710007027 0.9851484680496695 155.81640720127874 
0.9849841809336599 -0.003499129708490172 0.172609154932639 14.511431442908215 0.003869393661278708 0.9999908782196588 -0.00180867428824738 -2.9982966304567134 -0.17260124536575863 0.002449407468397967 0.9849887357243747 156.58121533385184 
0.9848420556494585 -0.003603857623843221 0.17341608520598165 14.624980424889483 0.0039804795129362155 0.9999904142733427 -0.0018240552848440266 -3.027243340143083 -0.17340784294358433 0.002486684660121013 0.9848469603942814 157.2598536514557 
0.9847183201800718 -0.003365307364519016 0.17412209966619333 14.737365986835995 0.0037034267969829108 0.9999918349814676 -0.0016169821218980304 -3.0521943300358716 -0.1741152299819815 0.0022371195211738242 0.984722743197119 157.91499830313927 
0.9845357537221655 -0.003622011066309988 0.17514631504328618 14.855281689806358 0.0038635293865758795 0.9999919978386815 -0.0010379933479133542 -3.080967546443694 -0.1751411475031991 0.001698623702093879 0.9845418691468603 158.6167045986225 
0.9843578852548568 -0.0027286368709018892 0.1761593292760241 14.958763287824238 0.00295052961888241 0.999995149488751 -0.000997696215205621 -3.1073433099611854 -0.17615574605957876 0.0015018526758344348 0.9843611616329486 159.23387218793917 
0.9840456033511584 -0.0033853096485947786 0.1778842073764545 15.07172018124996 0.003526314473813822 0.9999936690093065 -0.00047652363861141507 -3.1460976573097708 -0.17788146154848908 0.0010961959024828407 0.9840513111289285 159.89338563404974 
0.9838170812575586 -0.0035479157475350547 0.17914062622499938 15.173854785911795 0.003650046642297939 0.9999933096472622 -0.00024051610195749727 -3.1738707859019275 -0.1791385678705248 0.0008904947631483258 0.9838234493281935 160.46909018974378 
0.9835607767383625 -0.0028611694768738015 0.1805547375129185 15.283465841265112 0.0030436116016438267 0.9999950992653609 -0.0007334150847904565 -3.20531714718339 -0.18055174767541893 0.0012708960332191977 0.9835646649525953 161.0887568483549 
0.9833506979090613 -0.0016109427086876855 0.18171078910226418 15.381379885651294 0.0019343687592531737 0.999996844810979 -0.0016026861510369185 -3.2298001053277305 -0.1817076273296337 0.0019274973770365936 0.9833507115042787 161.638389664785 
0.9831220975520776 -0.0016173668576577934 0.1829435064048826 15.48120004198052 0.0021848281638848803 0.9999934072913095 -0.0029003313336096064 -3.2556636918718898 -0.1829376027570199 0.0032510789683267544 0.98311914987684 162.17984666466612 
0.9829205478873679 -0.00227368337256366 0.18401637976084895 15.594522958728165 0.0031862542019465514 0.9999840489730015 -0.0046636485485498595 -3.2792389709695238 -0.18400283414910654 0.005170317768772171 0.9829121139194655 162.7683368529769 
0.982729502546793 -0.0022043818877537148 0.18503477147233027 15.69844833998873 0.003284043105916769 0.999979324428743 -0.005528635737831122 -3.297532755813558 -0.18501875180677985 0.006040814340679214 0.9827164234282244 163.29984268741475 
0.9824518076853676 -0.002069454711775317 0.18650513151703182 15.812123529123333 0.003202491037845347 0.9999782021756445 -0.0057740161073796875 -3.31276574970353 -0.18648911025049147 0.006269972272714928 0.9824370198741256 163.88410197869146 
0.9822293277648869 -0.0012483286873112664 0.18768055446528675 15.913959874214175 0.0024815141888329755 0.9999768492755248 -0.006335853042792637 -3.326100470962733 -0.18766829345806021 0.006688991285497086 0.9822096862800204 164.41150029523348 
0.9820617542301029 -0.0009365435177328452 0.18855724581356212 16.014189263287687 0.002249510152947078 0.9999746927058196 -0.006749347000972722 -3.3494120177655304 -0.18854614601039396 0.0070524356060794775 0.9820390077586628 164.94129039866291 
0.9818500044212931 -0.0008605439734276328 0.18965713664691808 16.12633416535568 0.002160419777511467 0.9999755734991389 -0.006647181615601361 -3.3677486476022036 -0.18964677688287332 0.0069362729472239515 0.9818278804884442 165.5167456579576 
0.9816321754946098 -0.0009880785604117154 0.19078075622995777 16.22883786298281 0.002330522660571022 0.9999740800279269 -0.006812339554418146 -3.382324367879309 -0.19076907311807173 0.007131829168324018 0.9816090344467162 166.0372577297357 
0.9814462436019609 -0.000524064201243265 0.1917367922582823 16.341440094041708 0.002014574812167327 0.9999692506205962 -0.007578874286613407 -3.399121574747473 -0.19172691766384656 0.007824524333392792 0.9814171205960548 166.60354910867164 
0.9812891459356042 0.00020542778905207988 0.19253979098704718 16.441838823409036 0.0012576912050948179 0.9999712574613824 -0.007476796893603748 -3.418310873345064 -0.19253578582833863 0.007579053784089577 0.9812606829209084 167.11964395250226 
0.9811024446350965 0.00014117667584399616 0.19348895177116818 16.543074944100315 0.0013472786551353073 0.999970506809623 -0.007561109702019395 -3.437479892001054 -0.1934843055639517 0.007678905278317584 0.9810733186811498 167.63293578846245 
0.9809180998428942 -0.0003995687166536752 0.19442099426693385 16.65466547678195 0.0020569287581167672 0.999963249457906 -0.008322788854974332 -3.455779784847862 -0.19441051657343067 0.008563882800397936 0.9808828725459939 168.19567213543382 
0.9807562314179957 -0.000797161748825462 0.19523468017384646 16.757016708652277 0.002584796047051131 0.9999570380614904 -0.008901735974058382 -3.470607326349045 -0.19521918926734913 0.00923507322222747 0.9807161568196201 168.7041791241904 
0.9805738464511052 -0.0006329080311978803 0.19614926044172185 16.867294271717483 0.002435845966913116 0.9999569761337609 -0.008950562974456271 -3.489692576637691 -0.1961351493030376 0.009254475709296764 0.9805332001300036 169.26313839232964 
0.9804144860514811 -0.00016351687939156385 0.19694519568936833 16.965754927253844 0.0019517516402884274 0.9999586157681765 -0.008885800715370911 -3.5128143129354 -0.19693558510131395 0.009096154224347126 0.9803742315865 169.7711440877415 
0.9802781094312198 -3.571881805455104e-05 0.19762294453537751 17.064746317428487 0.001750618917024309 0.999962316971729 -0.008502940956796646 -3.5363497124956638 -0.1976151865823629 0.008681207765022186 0.9802412322056588 170.275612271476 
0.9801565348040663 -0.0006666527842114645 0.19822392431716324 17.175424674514424 0.002368517415245855 0.9999623448904132 -0.008348590636457104 -3.564247616318193 -0.19821088733331604 0.008652420900449181 0.9801212059736589 170.8262183984825 
0.9800666713871888 -0.0018824666210651637 0.1986599538654819 17.277734246122442 0.0036458984394248423 0.99995713241821 -0.008511216126466648 -3.5873809845710234 -0.19863540846632222 0.009065851645153635 0.9800315216734383 171.32259814831096 
0.9799816834028211 -0.002601308490381525 0.19907067766032183 17.390047849353646 0.004386455324145855 0.999954024405922 -0.008526906786264152 -3.612952181199651 -0.1990393368896606 0.009229425453093774 0.9799480387786128 171.86576009641092 
0.979875137126361 -0.0023533006938342414 0.19959754242371863 17.489450728326897 0.004174839203694797 0.9999533899569786 -0.00870566972670723 -3.6339029598187054 -0.199567744832611 0.009363755299403751 0.9798392898484679 172.35627598901786 
0.9798337168808929 -0.0017846883489472264 0.19980666525906038 17.58632050541719 0.0035996465476609814 0.9999554953370956 -0.008720661653808142 -3.6560527584185154 -0.19978220197814095 0.009264030041404664 0.979796534051472 172.84907131702826 
0.9797867490297214 -0.0023302003293191893 0.20003124236623976 17.694723417015673 0.0042037441310594165 0.9999511831085324 -0.00894203502606736 -3.676885473191499 -0.20000063343076316 0.009602165900297869 0.9797487145445252 173.38462056437504 
0.9797226350447614 -0.0031472352657572504 0.20033385789712904 17.793218770480674 0.004959981303720423 0.9999511694974137 -0.008547354330934655 -3.6950550103813367 -0.20029716764955188 0.009367687031399808 0.9796904050171134 173.87204733350163 
0.9796609805845947 -0.003210598578904585 0.20063413595243 17.902694116246828 0.004909127021288927 0.9999561980598852 -0.007968845020928195 -3.707084611779191 -0.20059975570703992 0.008791703377229534 0.9796338308633287 174.4021003088707 
0.9795906032751391 -0.003763792059730087 0.20096787100845506 18.002051776917686 0.0054623620633346675 0.9999538904433244 -0.007898078852654382 -3.724609283199496 -0.20092887041148094 0.008834641488565293 0.9795659940759631 174.88380722643856 
0.9795426598734028 -0.0037315072729061905 0.20120202453861677 18.10098926496264 0.005515671819879208 0.99995027902915 -0.008307640900156978 -3.741710028052877 -0.2011610132151455 0.009247451344561513 0.9795145379245951 175.36090224187262 
0.979467019659036 -0.003772700688673792 0.20156915803632813 18.209969862085938 0.005600287080150083 0.9999482151301111 -0.008497288242712885 -3.7581910879053595 -0.20152665472337797 0.009451657062760398 0.979437426387364 175.88428685162702 
0.9794987589240688 -0.0036676693892398653 0.2014168086525613 18.309575986467063 0.005567713286382732 0.9999451809321684 -0.00886768093050752 -3.772773910210863 -0.2013732360981475 0.009807311792831192 0.9794654843396184 176.3570427529281 
0.9796478475906404 -0.0037534453888846443 0.20068883299320217 18.418990090095846 0.005870733525488977 0.9999332041388711 -0.00995599420633476 -3.793096122813897 -0.20063805120077022 0.010931557127874013 0.9796044467372984 176.87868705290524 
0.9797355552474728 -0.0042146538243223374 0.20025104193733412 18.517677543985993 0.006532238210189539 0.9999191032758435 -0.010914066576244883 -3.8112887385989067 -0.2001888359549863 0.01200098465007465 0.9796838290618369 177.35258195623604 
0.979818031381681 -0.004242187263715896 0.1998465174592517 18.625740562464745 0.006540151363448975 0.9999198586094431 -0.010839873597877752 -3.831174720211254 -0.1997845094060516 0.01192812815678184 0.9797672520374472 177.87384861155613 
0.9799006523785528 -0.0036771028019152697 0.19945222910689636 18.723105563986525 0.006014418172814656 0.9999201491204233 -0.011114055734783435 -3.8492717582057923 -0.19939542785779935 0.012090257635421984 0.9798445221713659 178.34733683063223 
0.9799585414499433 -0.0028245480813956906 0.19918152595665536 18.82079463710555 0.005291057007763026 0.9999157634758098 -0.01185203541127537 -3.8664560451156813 -0.1991312636737732 0.012668382144688564 0.9798909380800879 178.82119413243512 
0.9799077418086121 -0.0027615305000043837 0.19943217596912913 18.93132110956422 0.005436364862953001 0.9999024525197768 -0.01286590309859946 -3.88999018771288 -0.19937718498673276 0.01369158202148203 0.979827167049907 179.34404532101877 
0.9798802433264139 -0.003018421560371793 0.19956352168868724 19.032506944189663 0.005802656819951631 0.9998938044158358 -0.013368214178799227 -3.911398798217393 -0.199501970718785 0.014257245430077739 0.9797936993201443 179.82176908895306 
